iteration,num_users,lmm,samples,avg_hops,avg_hops_std,avg_delay,avg_delay_std,avg_success_rate,avg_success_rate_std
1,2,LMM-1,4,13.0,3.391164991562634,12.90000000000001,3.2216067419845054,0.7507697063329084,0.06246895275936546
1,2,LMM-2,4,13.0,3.391164991562634,12.90000000000001,3.2216067419845054,0.7507697063329084,0.06246895275936546
1,4,LMM-1,4,13.0,3.391164991562634,12.899999999999984,3.221606741984496,0.702502668755324,0.07084496663260806
1,4,LMM-2,4,13.0,3.391164991562634,12.899999999999984,3.221606741984496,0.702502668755324,0.07084496663260806
1,6,LMM-1,4,13.0,3.391164991562634,12.89999999999997,3.2216067419844943,0.6574285773698755,0.07782261687869718
1,6,LMM-2,4,13.0,3.391164991562634,12.89999999999997,3.2216067419844943,0.6574285773698755,0.07782261687869718
1,8,LMM-1,4,13.0,3.391164991562634,12.899999999999977,3.2216067419844974,0.6153699355670307,0.08358533052840898
1,8,LMM-2,4,13.0,3.391164991562634,12.899999999999977,3.2216067419844974,0.6153699355670307,0.08358533052840898
2,2,LMM-1,4,10.25,1.0897247358851685,10.287500000000007,1.0352384990909118,0.8061833199736967,0.02942329148487889
2,2,LMM-2,4,10.25,1.0897247358851685,10.287500000000007,1.0352384990909118,0.8061833199736967,0.02942329148487889
2,4,LMM-1,4,10.25,1.0897247358851685,10.28749999999999,1.0352384990909091,0.7647879454615982,0.032968504445358045
2,4,LMM-2,4,10.25,1.0897247358851685,10.28749999999999,1.0352384990909091,0.7647879454615982,0.032968504445358045
2,6,LMM-1,4,10.25,1.0897247358851685,10.287499999999977,1.035238499090908,0.7254207948201398,0.03605768102765614
2,6,LMM-2,4,10.25,1.0897247358851685,10.287499999999977,1.035238499090908,0.7254207948201398,0.03605768102765614
2,8,LMM-1,4,10.25,1.0897247358851685,10.287499999999982,1.0352384990909087,0.6882537045447664,0.038484023759985254
2,8,LMM-2,4,10.25,1.0897247358851685,10.287499999999982,1.0352384990909087,0.6882537045447664,0.038484023759985254
3,2,LMM-1,4,10.25,1.0897247358851685,10.287500000000007,1.0352384990909118,0.8075217978296928,0.027331512882229646
3,2,LMM-2,4,10.0,1.4142135623730951,10.050000000000006,1.3435028842544425,0.817109862150346,0.040200701661862646
3,4,LMM-1,4,10.25,1.0897247358851685,10.28749999999999,1.0352384990909091,0.768323211512182,0.03210446863998915
3,4,LMM-2,4,10.0,1.4142135623730951,10.04999999999999,1.3435028842544392,0.7785756800371216,0.045025346960096475
3,6,LMM-1,4,10.25,1.0897247358851685,10.287499999999977,1.035238499090908,0.7309647492702321,0.03649852862631619
3,6,LMM-2,4,10.0,1.4142135623730951,10.049999999999978,1.3435028842544374,0.7418103703972488,0.04947658268446874
3,8,LMM-1,4,10.25,1.0897247358851685,10.287499999999982,1.0352384990909087,0.6954721959175143,0.04034918911419297
3,8,LMM-2,4,10.0,1.4142135623730951,10.049999999999981,1.3435028842544388,0.7068439832781973,0.05339211784241983
4,2,LMM-1,4,13.0,2.449489742783178,12.90000000000001,2.327015255644022,0.7445815161339661,0.04800145830149633
4,2,LMM-2,4,13.0,2.449489742783178,12.90000000000001,2.327015255644022,0.7445815161339661,0.04800145830149633
4,4,LMM-1,4,13.0,2.449489742783178,12.899999999999984,2.327015255644015,0.6956719433250296,0.05496058324265539
4,4,LMM-2,4,13.0,2.449489742783178,12.899999999999984,2.327015255644015,0.6956719433250296,0.05496058324265539
4,6,LMM-1,4,13.0,2.449489742783178,12.899999999999972,2.327015255644014,0.6499804223349368,0.06090140674236792
4,6,LMM-2,4,13.0,2.449489742783178,12.899999999999972,2.327015255644014,0.6499804223349368,0.06090140674236792
4,8,LMM-1,4,13.0,2.449489742783178,12.899999999999977,2.327015255644016,0.6073532078327792,0.06597915437188295
4,8,LMM-2,4,13.0,2.449489742783178,12.899999999999977,2.327015255644016,0.6073532078327792,0.06597915437188295
5,2,LMM-1,4,11.0,2.23606797749979,11.000000000000007,2.1242645786248033,0.7929931377676476,0.047914458801850274
5,2,LMM-2,4,11.0,2.23606797749979,11.000000000000007,2.1242645786248033,0.7929931377676476,0.047914458801850274
5,4,LMM-1,4,11.0,2.23606797749979,10.99999999999999,2.124264578624798,0.7494301252971118,0.05489248935868986
5,4,LMM-2,4,11.0,2.23606797749979,10.99999999999999,2.124264578624798,0.7494301252971118,0.05489248935868986
5,6,LMM-1,4,11.0,2.23606797749979,10.999999999999975,2.124264578624795,0.7082488988343733,0.06096519107131512
5,6,LMM-2,4,11.0,2.23606797749979,10.999999999999975,2.124264578624795,0.7082488988343733,0.06096519107131512
5,8,LMM-1,4,11.0,2.23606797749979,10.99999999999998,2.1242645786247976,0.6694097634601734,0.0662117010458863
5,8,LMM-2,4,11.0,2.23606797749979,10.99999999999998,2.1242645786247976,0.6694097634601734,0.0662117010458863
6,2,LMM-1,4,11.875,1.1388041973930374,11.831250000000008,1.081863987523387,0.7833817014291785,0.02892584811807765
6,2,LMM-2,4,11.875,1.1388041973930374,11.831250000000008,1.081863987523387,0.7833817014291785,0.02892584811807765
6,4,LMM-1,4,11.875,1.1388041973930374,11.831249999999988,1.0818639875233838,0.7403738952047124,0.036432398515482405
6,4,LMM-2,4,11.875,1.1388041973930374,11.831249999999988,1.0818639875233838,0.7403738952047124,0.036432398515482405
6,6,LMM-1,4,11.875,1.1388041973930374,11.831249999999974,1.0818639875233829,0.6997312493938445,0.04335226850864628
6,6,LMM-2,4,11.875,1.1388041973930374,11.831249999999974,1.0818639875233829,0.6997312493938445,0.04335226850864628
6,8,LMM-1,4,11.875,1.1388041973930374,11.83124999999998,1.0818639875233838,0.6615468181941823,0.04941499931041648
6,8,LMM-2,4,11.875,1.1388041973930374,11.83124999999998,1.0818639875233838,0.6615468181941823,0.04941499931041648
7,2,LMM-1,4,10.25,0.82915619758885,10.287500000000007,0.7876983877094084,0.8136548558291066,0.01840774090830957
7,2,LMM-2,4,10.25,0.82915619758885,10.287500000000007,0.7876983877094084,0.8136548558291066,0.01840774090830957
7,4,LMM-1,4,10.25,0.82915619758885,10.28749999999999,0.7876983877094069,0.776823029768904,0.018599096824886547
7,4,LMM-2,4,10.25,0.82915619758885,10.28749999999999,0.7876983877094069,0.776823029768904,0.018599096824886547
7,6,LMM-1,4,10.25,0.82915619758885,10.287499999999978,0.7876983877094063,0.7415721951629657,0.019524116637224805
7,6,LMM-2,4,10.25,0.82915619758885,10.287499999999978,0.7876983877094063,0.7415721951629657,0.019524116637224805
7,8,LMM-1,4,10.25,0.82915619758885,10.287499999999982,0.7876983877094063,0.7078538128488858,0.020905795953850427
7,8,LMM-2,4,10.25,0.82915619758885,10.287499999999982,0.7876983877094063,0.7078538128488858,0.020905795953850427
8,2,LMM-1,4,10.25,0.82915619758885,10.287500000000007,0.7876983877094084,0.8072541218378159,0.02126465771517316
8,2,LMM-2,4,10.25,0.82915619758885,10.287500000000007,0.7876983877094084,0.8072541218378159,0.02126465771517316
8,4,LMM-1,4,10.25,0.82915619758885,10.28749999999999,0.7876983877094069,0.7658044930629165,0.02395079245758656
8,4,LMM-2,4,10.25,0.82915619758885,10.28749999999999,0.7876983877094069,0.7658044930629165,0.02395079245758656
8,6,LMM-1,4,10.25,0.82915619758885,10.287499999999978,0.7876983877094063,0.72637096299955,0.026319853810518233
8,6,LMM-2,4,10.25,0.82915619758885,10.287499999999978,0.7876983877094063,0.72637096299955,0.026319853810518233
8,8,LMM-1,4,10.25,0.82915619758885,10.287499999999982,0.7876983877094063,0.6889594129866308,0.02839527717768372
8,8,LMM-2,4,10.25,0.82915619758885,10.287499999999982,0.7876983877094063,0.6889594129866308,0.02839527717768372
9,2,LMM-1,4,13.75,2.384848003542364,13.61250000000001,2.265605603365247,0.7511313087441164,0.040724581918638224
9,2,LMM-2,4,13.75,2.384848003542364,13.61250000000001,2.265605603365247,0.7511313087441164,0.040724581918638224
9,4,LMM-1,4,13.75,2.384848003542364,13.612499999999985,2.265605603365241,0.7003131502316535,0.04622076918915788
9,4,LMM-2,4,13.75,2.384848003542364,13.612499999999985,2.265605603365241,0.7003131502316535,0.04622076918915788
9,6,LMM-1,4,13.75,2.384848003542364,13.612499999999969,2.2656056033652394,0.6529065588185405,0.05077575511315106
9,6,LMM-2,4,13.75,2.384848003542364,13.612499999999969,2.2656056033652394,0.6529065588185405,0.05077575511315106
9,8,LMM-1,4,13.75,2.384848003542364,13.612499999999978,2.2656056033652434,0.6086850184416339,0.05448833285736611
9,8,LMM-2,4,13.75,2.384848003542364,13.612499999999978,2.2656056033652434,0.6086850184416339,0.05448833285736611
10,2,LMM-1,4,9.25,1.7853571071357126,9.337500000000006,1.696089251778928,0.8274310636772388,0.03518928586587445
10,2,LMM-2,4,9.25,1.7853571071357126,9.337500000000006,1.696089251778928,0.8274310636772388,0.03518928586587445
10,4,LMM-1,4,9.25,1.7853571071357126,9.33749999999999,1.696089251778925,0.7944707688582965,0.033811305543473634
10,4,LMM-2,4,9.25,1.7853571071357126,9.33749999999999,1.696089251778925,0.7944707688582965,0.033811305543473634
10,6,LMM-1,4,9.25,1.7853571071357126,9.337499999999979,1.6960892517789234,0.7627474955146059,0.033092658562852116
10,6,LMM-2,4,9.25,1.7853571071357126,9.337499999999979,1.6960892517789234,0.7627474955146059,0.033092658562852116
10,8,LMM-1,4,9.25,1.7853571071357126,9.337499999999984,1.6960892517789243,0.7322866202686907,0.0329534501101794
10,8,LMM-2,4,9.25,1.7853571071357126,9.337499999999984,1.6960892517789243,0.7322866202686907,0.0329534501101794
11,2,LMM-1,4,10.25,1.7853571071357126,10.287500000000007,1.6960892517789288,0.8013843806338223,0.0392509378321846
11,2,LMM-2,4,9.75,2.48746859276655,9.812500000000007,2.363095163128224,0.8145404984994726,0.05793952514024832
11,4,LMM-1,4,10.25,1.7853571071357126,10.287499999999989,1.696089251778925,0.7601655118425595,0.04474531969424825
11,4,LMM-2,4,9.75,2.48746859276655,9.81249999999999,2.3630951631282198,0.7775298377594733,0.0697916165166614
11,6,LMM-1,4,10.25,1.7853571071357126,10.287499999999977,1.6960892517789232,0.7210100410077923,0.04954480863460548
11,6,LMM-2,4,9.75,2.48746859276655,9.812499999999979,2.3630951631282175,0.7423444336714247,0.08067095194533366
11,8,LMM-1,4,10.25,1.7853571071357126,10.28749999999998,1.6960892517789243,0.6840144490223248,0.05360552646073116
11,8,LMM-2,4,9.75,2.48746859276655,9.812499999999982,2.363095163128219,0.7090568368265913,0.09049853105287417
12,2,LMM-1,4,10.25,0.82915619758885,10.287500000000007,0.7876983877094084,0.8078328831767849,0.016986229651921238
12,2,LMM-2,4,10.25,0.82915619758885,10.287500000000007,0.7876983877094084,0.8078328831767849,0.016986229651921238
12,4,LMM-1,4,10.25,0.82915619758885,10.28749999999999,0.7876983877094069,0.7683566854660889,0.018075705501127505
12,4,LMM-2,4,10.25,0.82915619758885,10.28749999999999,0.7876983877094069,0.7683566854660889,0.018075705501127505
12,6,LMM-1,4,10.25,0.82915619758885,10.287499999999978,0.7876983877094063,0.7307042077901862,0.01942914532849192
12,6,LMM-2,4,10.25,0.82915619758885,10.287499999999978,0.7876983877094063,0.7307042077901862,0.01942914532849192
12,8,LMM-1,4,10.25,0.82915619758885,10.287499999999982,0.7876983877094063,0.6948926763737691,0.02087320623229143
12,8,LMM-2,4,10.25,0.82915619758885,10.287499999999982,0.7876983877094063,0.6948926763737691,0.02087320623229143
13,2,LMM-1,4,10.0,1.0,10.050000000000006,0.9500000000000011,0.8135382131175253,0.02487406212686695
13,2,LMM-2,4,10.0,1.0,10.050000000000006,0.9500000000000011,0.8135382131175253,0.02487406212686695
13,4,LMM-1,4,10.0,1.0,10.04999999999999,0.9499999999999993,0.7727384089503071,0.028107297546358514
13,4,LMM-2,4,10.0,1.0,10.04999999999999,0.9499999999999993,0.7727384089503071,0.028107297546358514
13,6,LMM-1,4,10.0,1.0,10.04999999999998,0.9499999999999984,0.7338802104045424,0.03096679267735126
13,6,LMM-2,4,10.0,1.0,10.04999999999998,0.9499999999999984,0.7338802104045424,0.03096679267735126
13,8,LMM-1,4,10.0,1.0,10.049999999999983,0.9499999999999984,0.6969591073347658,0.03341890197112514
13,8,LMM-2,4,10.0,1.0,10.049999999999983,0.9499999999999984,0.6969591073347658,0.03341890197112514
14,2,LMM-1,4,9.0,1.224744871391589,9.100000000000005,1.163507627822011,0.838404054066618,0.02416282726964813
14,2,LMM-2,4,9.375,0.649519052838329,9.456250000000004,0.6170431001964135,0.8404748308210381,0.025423962459941364
14,4,LMM-1,4,9.0,1.224744871391589,9.09999999999999,1.1635076278220087,0.8060612428201299,0.03144112361982783
14,4,LMM-2,4,8.5625,1.7354304221143526,8.684374999999992,1.6486589010086334,0.8272940708220105,0.05650542855203434
14,6,LMM-1,4,9.0,1.224744871391589,9.09999999999998,1.163507627822007,0.7749776160531732,0.03874188761551963
14,6,LMM-2,4,8.5,1.8371173070873836,8.62499999999998,1.7452614417330106,0.8034934470196838,0.0717185994609334
14,8,LMM-1,4,9.0,1.224744871391589,9.099999999999984,1.1635076278220073,0.7451819483130885,0.045671423617221825
14,8,LMM-2,4,8.5,1.8371173070873836,8.624999999999984,1.745261441733011,0.7795710343059411,0.08442420106868015
15,2,LMM-1,4,9.375,0.960143218483576,9.456250000000004,0.912136057559398,0.828660560957998,0.022213866546194914
15,2,LMM-2,4,9.375,0.960143218483576,9.456250000000004,0.912136057559398,0.828660560957998,0.022213866546194914
15,4,LMM-1,4,9.375,0.960143218483576,9.45624999999999,0.912136057559396,0.7943834356707933,0.022913849653807994
15,4,LMM-2,4,9.375,0.960143218483576,9.45624999999999,0.912136057559396,0.7943834356707933,0.022913849653807994
15,6,LMM-1,4,9.375,0.960143218483576,9.45624999999998,0.9121360575593951,0.7614573575827025,0.024619538734990194
15,6,LMM-2,4,9.375,0.960143218483576,9.45624999999998,0.9121360575593951,0.7614573575827025,0.024619538734990194
15,8,LMM-1,4,9.375,0.960143218483576,9.456249999999983,0.9121360575593958,0.7298555749691427,0.02690047680810323
15,8,LMM-2,4,9.375,0.960143218483576,9.456249999999983,0.9121360575593958,0.7298555749691427,0.02690047680810323
16,2,LMM-1,4,10.5,0.5,10.525000000000006,0.47500000000000053,0.7957466623730508,0.016170543522187695
16,2,LMM-2,4,10.5,0.5,10.525000000000006,0.47500000000000053,0.7957466623730508,0.016170543522187695
16,4,LMM-1,4,10.5,0.5,10.52499999999999,0.47499999999999964,0.7533122034936538,0.01764210937726291
16,4,LMM-2,4,10.5,0.5,10.52499999999999,0.47499999999999964,0.7533122034936538,0.01764210937726291
16,6,LMM-1,4,10.5,0.5,10.524999999999977,0.47499999999999964,0.7130149692768946,0.01891454796674099
16,6,LMM-2,4,10.5,0.5,10.524999999999977,0.47499999999999964,0.7130149692768946,0.01891454796674099
16,8,LMM-1,4,10.5,0.5,10.52499999999998,0.47499999999999964,0.6750289249371302,0.019856385303326975
16,8,LMM-2,4,10.5,0.5,10.52499999999998,0.47499999999999964,0.6750289249371302,0.019856385303326975
17,2,LMM-1,4,13.0,3.3354160160315836,12.900000000000007,3.1686452152300064,0.7532662958207168,0.0739257357526013
17,2,LMM-2,4,13.0,3.3354160160315836,12.900000000000007,3.1686452152300064,0.7532662958207168,0.0739257357526013
17,4,LMM-1,4,13.0,3.3354160160315836,12.899999999999984,3.1686452152299993,0.7096075400789957,0.08533733813794366
17,4,LMM-2,4,13.0,3.3354160160315836,12.899999999999984,3.1686452152299993,0.7096075400789957,0.08533733813794366
17,6,LMM-1,4,13.0,3.3354160160315836,12.89999999999997,3.168645215229996,0.6687443811326836,0.09529514829551823
17,6,LMM-2,4,13.0,3.3354160160315836,12.89999999999997,3.168645215229996,0.6687443811326836,0.09529514829551823
17,8,LMM-1,4,13.0,3.3354160160315836,13.429687499999979,3.729028272280691,0.6090689110082452,0.12672521356029057
17,8,LMM-2,4,13.0,3.3354160160315836,13.429687499999979,3.729028272280691,0.6090689110082452,0.12672521356029057
18,2,LMM-1,4,9.75,1.0897247358851685,9.812500000000005,1.0352384990909111,0.820126300281514,0.024133512294953148
18,2,LMM-2,4,9.75,1.0897247358851685,9.812500000000005,1.0352384990909111,0.820126300281514,0.024133512294953148
18,4,LMM-1,4,9.75,1.0897247358851685,9.81249999999999,1.0352384990909091,0.7805804486865826,0.027853546469036754
18,4,LMM-2,4,9.75,1.0897247358851685,9.81249999999999,1.0352384990909091,0.7805804486865826,0.027853546469036754
18,6,LMM-1,4,9.75,1.0897247358851685,9.812499999999979,1.0352384990909078,0.7428443734340306,0.031196669213526252
18,6,LMM-2,4,9.75,1.0897247358851685,9.812499999999979,1.0352384990909078,0.7428443734340306,0.031196669213526252
18,8,LMM-1,4,9.75,1.0897247358851685,9.812499999999982,1.0352384990909085,0.7069839551719699,0.034119251267120065
18,8,LMM-2,4,9.75,1.0897247358851685,9.812499999999982,1.0352384990909085,0.7069839551719699,0.034119251267120065
19,2,LMM-1,4,10.5,0.5,10.525000000000006,0.47500000000000053,0.805169298263775,0.014785516348511489
19,2,LMM-2,4,10.5,0.5,10.525000000000006,0.47500000000000053,0.805169298263775,0.014785516348511489
19,4,LMM-1,4,10.5,0.5,10.52499999999999,0.47499999999999964,0.7629825337297751,0.016289694952506362
19,4,LMM-2,4,10.5,0.5,10.52499999999999,0.47499999999999964,0.7629825337297751,0.016289694952506362
19,6,LMM-1,4,10.5,0.5,10.524999999999977,0.47499999999999964,0.7228830035283469,0.017601237863928965
19,6,LMM-2,4,10.5,0.5,10.524999999999977,0.47499999999999964,0.7228830035283469,0.017601237863928965
19,8,LMM-1,4,10.5,0.5,10.52499999999998,0.47499999999999964,0.6848902096895874,0.018640787062082203
19,8,LMM-2,4,10.5,0.5,10.52499999999998,0.47499999999999964,0.6848902096895874,0.018640787062082203
20,2,LMM-1,4,11.0,1.4142135623730951,11.000000000000007,1.3435028842544419,0.802161288476039,0.030559231512403588
20,2,LMM-2,4,10.875,1.595893166850463,10.881250000000007,1.516098508507942,0.8099503909300116,0.04175046994415156
20,4,LMM-1,4,11.0,1.4142135623730951,10.99999999999999,1.3435028842544388,0.7584629238177341,0.035074923911263156
20,4,LMM-2,4,10.875,1.595893166850463,10.881249999999989,1.5160985085079388,0.7717083920468115,0.05473210379630759
20,6,LMM-1,4,11.0,1.4142135623730951,10.999999999999977,1.3435028842544374,0.7170648612717188,0.03900805078857365
20,6,LMM-2,4,10.875,1.595893166850463,10.881249999999977,1.516098508507937,0.7354537850538105,0.06683466951190191
20,8,LMM-1,4,11.0,1.4142135623730951,10.99999999999998,1.343502884254438,0.6780090741325924,0.04219513795718171
20,8,LMM-2,4,10.875,1.595893166850463,10.88124999999998,1.5160985085079375,0.7012415024462584,0.07787312239500235
21,2,LMM-1,4,10.0,1.4142135623730951,10.050000000000006,1.3435028842544425,0.8185918859678075,0.030318444343073594
21,2,LMM-2,4,10.0,1.4142135623730951,10.050000000000006,1.3435028842544425,0.8185918859678075,0.030318444343073594
21,4,LMM-1,4,10.0,1.4142135623730951,10.04999999999999,1.3435028842544392,0.7832610131699884,0.037136977080502585
21,4,LMM-2,4,10.0,1.4142135623730951,10.04999999999999,1.3435028842544392,0.7832610131699884,0.037136977080502585
21,6,LMM-1,4,10.0,1.4142135623730951,10.049999999999978,1.3435028842544374,0.7494845068943354,0.04414650613707635
21,6,LMM-2,4,10.0,1.4142135623730951,10.049999999999978,1.3435028842544374,0.7494845068943354,0.04414650613707635
21,8,LMM-1,4,10.0,1.4142135623730951,10.049999999999981,1.3435028842544388,0.7172241471201223,0.05088666292329062
21,8,LMM-2,4,10.0,1.4142135623730951,10.049999999999981,1.3435028842544388,0.7172241471201223,0.05088666292329062
22,2,LMM-1,4,11.25,0.4330127018922193,11.237500000000008,0.41136206679760956,0.7934997939623369,0.01604896242442732
22,2,LMM-2,4,11.25,0.4330127018922193,11.237500000000008,0.41136206679760956,0.7934997939623369,0.01604896242442732
22,4,LMM-1,4,11.25,0.4330127018922193,11.23749999999999,0.41136206679760806,0.7540144521097203,0.023992812368689064
22,4,LMM-2,4,11.25,0.4330127018922193,11.23749999999999,0.41136206679760806,0.7540144521097203,0.023992812368689064
22,6,LMM-1,4,11.25,0.4330127018922193,11.237499999999976,0.4113620667976073,0.7164976952194773,0.03163004322834067
22,6,LMM-2,4,11.25,0.4330127018922193,11.237499999999976,0.4113620667976073,0.7164976952194773,0.03163004322834067
22,8,LMM-1,4,11.25,0.4330127018922193,11.23749999999998,0.41136206679760806,0.6809293681575157,0.03865487020970141
22,8,LMM-2,4,11.25,0.4330127018922193,11.23749999999998,0.41136206679760806,0.6809293681575157,0.03865487020970141
23,2,LMM-1,4,12.75,1.0897247358851685,12.662500000000009,1.0352384990909116,0.7728361856709245,0.025333653225078835
23,2,LMM-2,4,12.75,1.0897247358851685,12.662500000000009,1.0352384990909116,0.7728361856709245,0.025333653225078835
23,4,LMM-1,4,12.75,1.0897247358851685,12.662499999999987,1.0352384990909085,0.7238564119175386,0.028562781700468526
23,4,LMM-2,4,12.75,1.0897247358851685,12.662499999999987,1.0352384990909085,0.7238564119175386,0.028562781700468526
23,6,LMM-1,4,12.75,1.0897247358851685,12.662499999999973,1.0352384990909067,0.6778827664389094,0.03129948679024118
23,6,LMM-2,4,12.75,1.0897247358851685,12.662499999999973,1.0352384990909067,0.6778827664389094,0.03129948679024118
23,8,LMM-1,4,12.75,1.0897247358851685,12.662499999999978,1.0352384990909085,0.6347944073899584,0.033570510305858794
23,8,LMM-2,4,12.75,1.0897247358851685,12.662499999999978,1.0352384990909085,0.6347944073899584,0.033570510305858794
24,2,LMM-1,4,11.0,0.7071067811865476,11.000000000000007,0.6717514421272215,0.793314968514595,0.019088706272607576
24,2,LMM-2,4,11.0,0.7071067811865476,11.000000000000007,0.6717514421272215,0.793314968514595,0.019088706272607576
24,4,LMM-1,4,11.0,0.7071067811865476,10.99999999999999,0.6717514421272196,0.749766790244859,0.02122471984963899
24,4,LMM-2,4,11.0,0.7071067811865476,10.99999999999999,0.6717514421272196,0.749766790244859,0.02122471984963899
24,6,LMM-1,4,11.0,0.7071067811865476,10.999999999999977,0.671751442127219,0.7084927784106662,0.02306913086575077
24,6,LMM-2,4,11.0,0.7071067811865476,10.999999999999977,0.671751442127219,0.7084927784106662,0.02306913086575077
24,8,LMM-1,4,11.0,0.7071067811865476,10.99999999999998,0.6717514421272196,0.6695477496918147,0.02450737094467431
24,8,LMM-2,4,11.0,0.7071067811865476,10.99999999999998,0.6717514421272196,0.6695477496918147,0.02450737094467431
25,2,LMM-1,4,10.875,0.8926785535678563,10.881250000000009,0.848044625889465,0.8010850647227732,0.02330792721310746
25,2,LMM-2,4,10.875,0.8926785535678563,10.881250000000009,0.848044625889465,0.8010850647227732,0.02330792721310746
25,4,LMM-1,4,10.875,0.8926785535678563,10.881249999999989,0.8480446258894628,0.7607047658093579,0.02578742549427768
25,4,LMM-2,4,10.875,0.8926785535678563,10.881249999999989,0.8480446258894628,0.7607047658093579,0.02578742549427768
25,6,LMM-1,4,10.875,0.8926785535678563,10.881249999999977,0.848044625889462,0.7222847478843569,0.02855322626881625
25,6,LMM-2,4,10.875,0.8926785535678563,10.881249999999977,0.848044625889462,0.7222847478843569,0.02855322626881625
25,8,LMM-1,4,10.875,0.8926785535678563,10.88124999999998,0.8480446258894628,0.6858995003052353,0.031218232445128193
25,8,LMM-2,4,10.875,0.8926785535678563,10.88124999999998,0.8480446258894628,0.6858995003052353,0.031218232445128193
26,2,LMM-1,4,10.375,0.81967981553775,10.406250000000007,0.7786958247608634,0.8014889427407306,0.0216323849025866
26,2,LMM-2,4,9.9375,0.8361930100162283,9.990625000000005,0.7943833595154175,0.8167257325690893,0.024927409517189483
26,4,LMM-1,4,10.375,0.81967981553775,10.40624999999999,0.778695824760862,0.7644622545457926,0.0284056342805425
26,4,LMM-2,4,9.625,1.192424001771182,9.69374999999999,1.1328028016826213,0.7942405918051862,0.04439160802791001
26,6,LMM-1,4,10.375,0.81967981553775,10.406249999999979,0.7786958247608613,0.7291563349869215,0.03550194286019187
26,6,LMM-2,4,9.625,1.192424001771182,9.69374999999998,1.1328028016826206,0.7666643715641801,0.055648166512372844
26,8,LMM-1,4,10.375,0.81967981553775,10.406249999999982,0.7786958247608613,0.6956589989588579,0.04223836968732696
26,8,LMM-2,4,9.625,1.192424001771182,9.693749999999982,1.1328028016826213,0.7403228130526428,0.06626583060361081
27,2,LMM-1,4,9.75,0.4330127018922193,9.812500000000005,0.41136206679760884,0.8207503768113361,0.012577101861108296
27,2,LMM-2,4,9.75,0.4330127018922193,9.812500000000005,0.41136206679760884,0.8207503768113361,0.012577101861108296
27,4,LMM-1,4,9.75,0.4330127018922193,9.81249999999999,0.41136206679760806,0.7811189802947359,0.014177620569164315
27,4,LMM-2,4,9.75,0.4330127018922193,9.81249999999999,0.41136206679760806,0.7811189802947359,0.014177620569164315
27,6,LMM-1,4,9.75,0.4330127018922193,9.812499999999979,0.4113620667976073,0.7432799544711435,0.015606246322302383
27,6,LMM-2,4,9.75,0.4330127018922193,9.812499999999979,0.4113620667976073,0.7432799544711435,0.015606246322302383
27,8,LMM-1,4,9.75,0.4330127018922193,9.812499999999982,0.4113620667976073,0.7073044032823996,0.016792483813308393
27,8,LMM-2,4,9.75,0.4330127018922193,9.812499999999982,0.4113620667976073,0.7073044032823996,0.016792483813308393
28,2,LMM-1,4,13.125,1.6723860200324565,13.01875000000001,1.588766719030835,0.7655996533578617,0.033496850031923674
28,2,LMM-2,4,13.125,1.6723860200324565,13.01875000000001,1.588766719030835,0.7655996533578617,0.033496850031923674
28,4,LMM-1,4,13.125,1.6723860200324565,13.018749999999986,1.5887667190308294,0.7161162614572816,0.0380622151493714
28,4,LMM-2,4,13.125,1.6723860200324565,13.018749999999986,1.5887667190308294,0.7161162614572816,0.0380622151493714
28,6,LMM-1,4,13.125,1.6723860200324565,13.018749999999972,1.5887667190308288,0.6697713790544155,0.04184128284449803
28,6,LMM-2,4,13.125,1.6723860200324565,13.018749999999972,1.5887667190308288,0.6697713790544155,0.04184128284449803
28,8,LMM-1,4,13.125,1.6723860200324565,13.018749999999978,1.588766719030831,0.6263700678037872,0.04490890891996567
28,8,LMM-2,4,13.125,1.6723860200324565,13.018749999999978,1.588766719030831,0.6263700678037872,0.04490890891996567
29,2,LMM-1,4,12.375,0.649519052838329,12.30625000000001,0.6170431001964126,0.7919978104490786,0.01761856424381204
29,2,LMM-2,4,12.375,0.649519052838329,12.30625000000001,0.6170431001964126,0.7919978104490786,0.01761856424381204
29,4,LMM-1,4,12.375,0.649519052838329,12.306249999999988,0.6170431001964112,0.7447266813184596,0.020668886398692167
29,4,LMM-2,4,12.375,0.649519052838329,12.306249999999988,0.6170431001964112,0.7447266813184596,0.020668886398692167
29,6,LMM-1,4,12.375,0.649519052838329,12.306249999999974,0.6170431001964112,0.7001750667411162,0.02333371412619326
29,6,LMM-2,4,12.375,0.649519052838329,12.306249999999974,0.6170431001964112,0.7001750667411162,0.02333371412619326
29,8,LMM-1,4,12.375,0.649519052838329,12.306249999999979,0.6170431001964112,0.6582145006023704,0.025614969357832546
29,8,LMM-2,4,12.375,0.649519052838329,12.306249999999979,0.6170431001964112,0.6582145006023704,0.025614969357832546
30,2,LMM-1,4,9.75,1.479019945774904,9.812500000000007,1.4050689484861612,0.8198412489753086,0.03244402668373778
30,2,LMM-2,4,9.75,1.479019945774904,9.812500000000007,1.4050689484861612,0.8198412489753086,0.03244402668373778
30,4,LMM-1,4,9.75,1.479019945774904,9.81249999999999,1.4050689484861578,0.7806959893884067,0.037149302322786716
30,4,LMM-2,4,9.75,1.479019945774904,9.81249999999999,1.4050689484861578,0.7806959893884067,0.037149302322786716
30,6,LMM-1,4,9.75,1.479019945774904,9.812499999999979,1.4050689484861558,0.7433456440599491,0.04131469569412394
30,6,LMM-2,4,9.75,1.479019945774904,9.812499999999979,1.4050689484861558,0.7433456440599491,0.04131469569412394
30,8,LMM-1,4,9.75,1.479019945774904,9.812499999999982,1.405068948486157,0.7077359698755705,0.04495192177070415
30,8,LMM-2,4,9.75,1.479019945774904,9.812499999999982,1.405068948486157,0.7077359698755705,0.04495192177070415
31,2,LMM-1,4,10.75,1.479019945774904,10.762500000000006,1.4050689484861605,0.8052860205481642,0.026433273734996543
31,2,LMM-2,4,10.75,1.479019945774904,10.762500000000006,1.4050689484861605,0.8052860205481642,0.026433273734996543
31,4,LMM-1,4,10.75,1.479019945774904,10.762499999999989,1.4050689484861572,0.7735129541674417,0.02320235931929981
31,4,LMM-2,4,10.75,1.479019945774904,10.762499999999989,1.4050689484861572,0.7735129541674417,0.02320235931929981
31,6,LMM-1,4,10.75,1.479019945774904,10.762499999999976,1.4050689484861558,0.742973604572524,0.02219729766073884
31,6,LMM-2,4,10.75,1.479019945774904,10.762499999999976,1.4050689484861558,0.742973604572524,0.02219729766073884
31,8,LMM-1,4,10.75,1.479019945774904,10.762499999999982,1.4050689484861565,0.7137061833487981,0.023183526903652836
31,8,LMM-2,4,10.75,1.479019945774904,10.762499999999982,1.4050689484861565,0.7137061833487981,0.023183526903652836
32,2,LMM-1,4,11.25,0.82915619758885,11.237500000000008,0.7876983877094091,0.7914454334859639,0.016233671085240382
32,2,LMM-2,4,11.25,0.82915619758885,11.237500000000008,0.7876983877094091,0.7914454334859639,0.016233671085240382
32,4,LMM-1,4,11.25,0.82915619758885,11.23749999999999,0.7876983877094069,0.7473122950174121,0.018657547015472824
32,4,LMM-2,4,11.25,0.82915619758885,11.23749999999999,0.7876983877094069,0.7473122950174121,0.018657547015472824
32,6,LMM-1,4,11.25,0.82915619758885,11.237499999999976,0.787698387709406,0.7055269694567796,0.020788433534993902
32,6,LMM-2,4,11.25,0.82915619758885,11.237499999999976,0.787698387709406,0.7055269694567796,0.020788433534993902
32,8,LMM-1,4,11.25,0.82915619758885,11.23749999999998,0.7876983877094069,0.6660082791610795,0.022659750038898623
32,8,LMM-2,4,11.25,0.82915619758885,11.23749999999998,0.7876983877094069,0.6660082791610795,0.022659750038898623
33,2,LMM-1,4,18.75,2.165063509461097,18.36250000000001,2.0568103339880417,0.6417890111252234,0.03135243739818171
33,2,LMM-2,4,18.75,2.165063509461097,18.36250000000001,2.0568103339880417,0.6417890111252234,0.03135243739818171
33,4,LMM-1,4,18.75,2.165063509461097,18.362499999999972,2.0568103339880364,0.5789926545353772,0.03606306438816071
33,4,LMM-2,4,18.75,2.165063509461097,18.362499999999972,2.0568103339880364,0.5789926545353772,0.03606306438816071
33,6,LMM-1,4,18.75,2.165063509461097,18.362499999999955,2.056810333988035,0.5223356434322786,0.039633263742923
33,6,LMM-2,4,18.75,2.165063509461097,18.362499999999955,2.056810333988035,0.5223356434322786,0.039633263742923
33,8,LMM-1,4,18.75,2.165063509461097,18.36249999999997,2.0568103339880386,0.4712279115046878,0.042241124740810876
33,8,LMM-2,4,18.75,2.165063509461097,18.36249999999997,2.0568103339880386,0.4712279115046878,0.042241124740810876
34,2,LMM-1,4,12.0,1.224744871391589,11.95000000000001,1.1635076278220116,0.786483024483736,0.022765557277356848
34,2,LMM-2,4,12.0,1.224744871391589,11.95000000000001,1.1635076278220116,0.786483024483736,0.022765557277356848
34,4,LMM-1,4,12.0,1.224744871391589,11.949999999999989,1.163507627822008,0.7393906918441397,0.026305589852418407
34,4,LMM-2,4,12.0,1.224744871391589,11.949999999999989,1.163507627822008,0.7393906918441397,0.026305589852418407
34,6,LMM-1,4,12.0,1.224744871391589,11.949999999999974,1.1635076278220058,0.6950197439264213,0.029312263961491565
34,6,LMM-2,4,12.0,1.224744871391589,11.949999999999974,1.1635076278220058,0.6950197439264213,0.029312263961491565
34,8,LMM-1,4,12.0,1.224744871391589,11.94999999999998,1.163507627822008,0.6532593426445688,0.03186484229852744
34,8,LMM-2,4,12.0,1.224744871391589,11.94999999999998,1.163507627822008,0.6532593426445688,0.03186484229852744
35,2,LMM-1,4,11.375,0.414578098794425,11.356250000000008,0.3938491938547049,0.7929930791358387,0.010549007660876998
35,2,LMM-2,4,11.375,0.414578098794425,11.356250000000008,0.3938491938547049,0.7929930791358387,0.010549007660876998
35,4,LMM-1,4,11.375,0.414578098794425,11.356249999999989,0.39384919385470346,0.7526475612738431,0.014247950789194278
35,4,LMM-2,4,11.375,0.414578098794425,11.356249999999989,0.39384919385470346,0.7526475612738431,0.014247950789194278
35,6,LMM-1,4,11.375,0.414578098794425,11.356249999999976,0.39384919385470263,0.7143215741095115,0.019697747788252583
35,6,LMM-2,4,11.375,0.414578098794425,11.356249999999976,0.39384919385470263,0.7143215741095115,0.019697747788252583
35,8,LMM-1,4,11.375,0.414578098794425,11.35624999999998,0.39384919385470346,0.6779340181578861,0.025276155649514104
35,8,LMM-2,4,11.375,0.414578098794425,11.35624999999998,0.39384919385470346,0.6779340181578861,0.025276155649514104
36,2,LMM-1,4,13.75,1.7853571071357126,13.612500000000011,1.696089251778929,0.7458904599753376,0.032575950798059986
36,2,LMM-2,4,13.75,1.7853571071357126,13.612500000000011,1.696089251778929,0.7458904599753376,0.032575950798059986
36,4,LMM-1,4,13.75,1.7853571071357126,13.612499999999985,1.6960892517789232,0.6945259642272047,0.037353348822319124
36,4,LMM-2,4,13.75,1.7853571071357126,13.612499999999985,1.6960892517789232,0.6945259642272047,0.037353348822319124
36,6,LMM-1,4,13.75,1.7853571071357126,13.612499999999969,1.6960892517789217,0.646639328197864,0.041336948362168655
36,6,LMM-2,4,13.75,1.7853571071357126,13.612499999999969,1.6960892517789217,0.646639328197864,0.041336948362168655
36,8,LMM-1,4,13.75,1.7853571071357126,13.612499999999976,1.6960892517789243,0.6021331158915691,0.044629636833976076
36,8,LMM-2,4,13.75,1.7853571071357126,13.612499999999976,1.6960892517789243,0.6021331158915691,0.044629636833976076
37,2,LMM-1,4,12.25,1.7853571071357126,12.187500000000009,1.69608925177893,0.7667425064249553,0.04578453114710597
37,2,LMM-2,4,12.25,1.7853571071357126,12.187500000000009,1.69608925177893,0.7667425064249553,0.04578453114710597
37,4,LMM-1,4,12.25,1.7853571071357126,12.187499999999988,1.6960892517789252,0.7233362361393949,0.05648140762877145
37,4,LMM-2,4,12.25,1.7853571071357126,12.187499999999988,1.6960892517789252,0.7233362361393949,0.05648140762877145
37,6,LMM-1,4,12.25,1.7853571071357126,12.187499999999972,1.6960892517789221,0.682518025594476,0.06615906782254204
37,6,LMM-2,4,12.25,1.7853571071357126,12.187499999999972,1.6960892517789221,0.682518025594476,0.06615906782254204
37,8,LMM-1,4,12.25,1.7853571071357126,12.187499999999979,1.6960892517789241,0.6443311448406719,0.07479189513181683
37,8,LMM-2,4,12.25,1.7853571071357126,12.187499999999979,1.6960892517789241,0.6443311448406719,0.07479189513181683
38,2,LMM-1,4,10.5,0.8660254037844386,10.525000000000006,0.8227241335952177,0.8001961318748643,0.01771888188030099
38,2,LMM-2,4,10.5,0.8660254037844386,10.525000000000006,0.8227241335952177,0.8001961318748643,0.01771888188030099
38,4,LMM-1,4,10.5,0.8660254037844386,10.52499999999999,0.8227241335952161,0.7584089081338561,0.02033252377451796
38,4,LMM-2,4,10.5,0.8660254037844386,10.52499999999999,0.8227241335952161,0.7584089081338561,0.02033252377451796
38,6,LMM-1,4,10.5,0.8660254037844386,10.524999999999977,0.8227241335952153,0.7186918893571805,0.022660157855807644
38,6,LMM-2,4,10.5,0.8660254037844386,10.524999999999977,0.8227241335952153,0.7186918893571805,0.022660157855807644
38,8,LMM-1,4,10.5,0.8660254037844386,10.52499999999998,0.8227241335952153,0.6810948185378174,0.02470772114394371
38,8,LMM-2,4,10.5,0.8660254037844386,10.52499999999998,0.8227241335952153,0.6810948185378174,0.02470772114394371
39,2,LMM-1,4,11.875,0.8926785535678563,11.831250000000008,0.8480446258894645,0.7858726585054092,0.02064725042794242
39,2,LMM-2,4,11.875,0.8926785535678563,11.831250000000008,0.8480446258894645,0.7858726585054092,0.02064725042794242
39,4,LMM-1,4,11.875,0.8926785535678563,11.831249999999988,0.848044625889462,0.7409953038590522,0.022527590786451918
39,4,LMM-2,4,11.875,0.8926785535678563,11.831249999999988,0.848044625889462,0.7409953038590522,0.022527590786451918
39,6,LMM-1,4,11.875,0.8926785535678563,11.831249999999976,0.8480446258894614,0.6985771147575868,0.024310454177741553
39,6,LMM-2,4,11.875,0.8926785535678563,11.831249999999976,0.8480446258894614,0.6985771147575868,0.024310454177741553
39,8,LMM-1,4,11.875,0.8926785535678563,11.83124999999998,0.8480446258894623,0.6585222327395068,0.025871796680969963
39,8,LMM-2,4,11.875,0.8926785535678563,11.83124999999998,0.8480446258894623,0.6585222327395068,0.025871796680969963
40,2,LMM-1,4,10.25,0.82915619758885,10.287500000000007,0.7876983877094084,0.8060148914172319,0.017622593575569674
40,2,LMM-2,4,9.0,2.9154759474226504,9.100000000000005,2.7697021500515198,0.8340588003072484,0.06334157320216802
40,4,LMM-1,4,10.25,0.82915619758885,10.28749999999999,0.7876983877094069,0.7666922177983395,0.017947189763678293
40,4,LMM-2,4,9.0,2.9154759474226504,9.09999999999999,2.769702150051515,0.8010651026878316,0.07528478925090094
40,6,LMM-1,4,10.25,0.82915619758885,10.287499999999978,0.7876983877094063,0.7291830615278025,0.01871282361895572
40,6,LMM-2,4,9.0,2.9154759474226504,9.09999999999998,2.7697021500515118,0.7695307884730049,0.0866525126721462
40,8,LMM-1,4,10.25,0.82915619758885,10.287499999999982,0.7876983877094063,0.6934375487926886,0.019729843750708742
40,8,LMM-2,4,9.0,2.9154759474226504,9.099999999999984,2.769702150051513,0.7394201406590043,0.09736959278517407
41,2,LMM-1,4,17.5,1.6583123951777,17.175000000000015,1.5753967754188165,0.7023981870459609,0.03718788876519597
41,2,LMM-2,4,17.5,1.6583123951777,17.175000000000015,1.5753967754188165,0.7023981870459609,0.03718788876519597
41,4,LMM-1,4,17.5,1.6583123951777,17.174999999999976,1.5753967754188114,0.6440069222858962,0.04276719935493271
41,4,LMM-2,4,17.5,1.6583123951777,17.174999999999976,1.5753967754188114,0.6440069222858962,0.04276719935493271
41,6,LMM-1,4,17.5,1.6583123951777,17.174999999999958,1.57539677541881,0.5905061178904519,0.04740902295834026
41,6,LMM-2,4,17.5,1.6583123951777,17.174999999999958,1.57539677541881,0.5905061178904519,0.04740902295834026
41,8,LMM-1,4,17.5,1.6583123951777,17.174999999999972,1.575396775418812,0.5414856225684992,0.05111178537218885
41,8,LMM-2,4,17.5,1.6583123951777,17.174999999999972,1.575396775418812,0.5414856225684992,0.05111178537218885
42,2,LMM-1,4,17.375,0.649519052838329,17.056250000000013,0.6170431001964126,0.6828721244094702,0.011768849384599779
42,2,LMM-2,4,17.375,0.649519052838329,17.056250000000013,0.6170431001964126,0.6828721244094702,0.011768849384599779
42,4,LMM-1,4,17.375,0.649519052838329,17.056249999999974,0.6170431001964115,0.6262193964623776,0.017004044878758437
42,4,LMM-2,4,17.375,0.649519052838329,17.056249999999974,0.6170431001964115,0.6262193964623776,0.017004044878758437
42,6,LMM-1,4,17.375,0.649519052838329,17.05624999999996,0.6170431001964097,0.5742280883756088,0.02133866069450743
42,6,LMM-2,4,17.375,0.649519052838329,17.05624999999996,0.6170431001964097,0.5742280883756088,0.02133866069450743
42,8,LMM-1,4,17.375,0.649519052838329,17.05624999999997,0.6170431001964115,0.5265199714537823,0.024853352431477446
42,8,LMM-2,4,17.375,0.649519052838329,17.05624999999997,0.6170431001964115,0.5265199714537823,0.024853352431477446
43,2,LMM-1,4,19.0,0.0,18.600000000000016,0.0,0.6750265254099361,0.005299584367843977
43,2,LMM-2,4,19.0,0.0,18.600000000000016,0.0,0.6750265254099361,0.005299584367843977
43,4,LMM-1,4,19.0,0.0,18.599999999999973,0.0,0.612021811396309,0.006684895209836756
43,4,LMM-2,4,19.0,0.0,18.599999999999973,0.0,0.612021811396309,0.006684895209836756
43,6,LMM-1,4,19.0,0.0,18.599999999999955,0.0,0.5548189377582319,0.008283649392743387
43,6,LMM-2,4,19.0,0.0,18.599999999999955,0.0,0.5548189377582319,0.008283649392743387
43,8,LMM-1,4,19.0,0.0,19.187499999999964,0.0,0.4751638049846755,0.00889933496518002
43,8,LMM-2,4,19.0,0.0,19.187499999999964,0.0,0.4751638049846755,0.00889933496518002
44,2,LMM-1,4,12.0,0.0,11.95000000000001,0.0,0.7885189353235686,0.0
44,2,LMM-2,4,12.0,0.0,11.95000000000001,0.0,0.7885189353235686,0.0
44,4,LMM-1,4,12.0,0.0,11.949999999999989,0.0,0.7415964140639406,0.0
44,4,LMM-2,4,12.0,0.0,11.949999999999989,0.0,0.7415964140639406,0.0
44,6,LMM-1,4,12.0,0.0,11.949999999999974,0.0,0.697337449227549,0.0
44,6,LMM-2,4,12.0,0.0,11.949999999999974,0.0,0.697337449227549,0.0
44,8,LMM-1,4,12.0,0.0,11.94999999999998,0.0,0.6555994263736373,0.0
44,8,LMM-2,4,12.0,0.0,11.94999999999998,0.0,0.6555994263736373,0.0
45,2,LMM-1,4,12.0,1.0,11.950000000000008,0.9500000000000011,0.7873919122340804,0.022626954110040735
45,2,LMM-2,4,12.0,1.0,11.950000000000008,0.9500000000000011,0.7873919122340804,0.022626954110040735
45,4,LMM-1,4,12.0,1.0,11.949999999999989,0.9499999999999984,0.7418851264371539,0.026683528059639524
45,4,LMM-2,4,12.0,1.0,11.949999999999989,0.9499999999999984,0.7418851264371539,0.026683528059639524
45,6,LMM-1,4,12.0,1.0,11.949999999999974,0.9499999999999975,0.6989246126546506,0.03025265255798756
45,6,LMM-2,4,12.0,1.0,11.949999999999974,0.9499999999999975,0.6989246126546506,0.03025265255798756
45,8,LMM-1,4,12.0,1.0,11.949999999999978,0.9499999999999984,0.6583889901313844,0.033338549889730444
45,8,LMM-2,4,12.0,1.0,11.949999999999978,0.9499999999999984,0.6583889901313844,0.033338549889730444
46,2,LMM-1,4,9.25,0.82915619758885,9.337500000000006,0.7876983877094084,0.8241426422337937,0.022622409209989144
46,2,LMM-2,4,9.25,0.82915619758885,9.337500000000006,0.7876983877094084,0.8241426422337937,0.022622409209989144
46,4,LMM-1,4,9.25,0.82915619758885,9.337499999999991,0.7876983877094069,0.7888888591988903,0.028123362768793445
46,4,LMM-2,4,9.25,0.82915619758885,9.337499999999991,0.7876983877094069,0.7888888591988903,0.028123362768793445
46,6,LMM-1,4,9.25,0.82915619758885,9.337499999999979,0.7876983877094054,0.7550968399224939,0.033483826533218054
46,6,LMM-2,4,9.25,0.82915619758885,9.337499999999979,0.7876983877094054,0.7550968399224939,0.033483826533218054
46,8,LMM-1,4,9.25,0.82915619758885,9.337499999999983,0.7876983877094063,0.7229438105297445,0.038297802579175734
46,8,LMM-2,4,9.25,0.82915619758885,9.337499999999983,0.7876983877094063,0.7229438105297445,0.038297802579175734
47,2,LMM-1,4,13.0,1.224744871391589,12.90000000000001,1.1635076278220102,0.773492591525767,0.029502773097455835
47,2,LMM-2,4,13.0,1.224744871391589,12.90000000000001,1.1635076278220102,0.773492591525767,0.029502773097455835
47,4,LMM-1,4,13.0,1.224744871391589,12.899999999999986,1.1635076278220065,0.723806256668649,0.03279869359951492
47,4,LMM-2,4,13.0,1.224744871391589,12.899999999999986,1.1635076278220065,0.723806256668649,0.03279869359951492
47,6,LMM-1,4,13.0,1.224744871391589,12.899999999999972,1.1635076278220065,0.6772218670270053,0.03552066928007424
47,6,LMM-2,4,13.0,1.224744871391589,12.899999999999972,1.1635076278220065,0.6772218670270053,0.03552066928007424
47,8,LMM-1,4,13.0,1.224744871391589,12.899999999999977,1.163507627822008,0.633574255006176,0.03770891901866509
47,8,LMM-2,4,13.0,1.224744871391589,12.899999999999977,1.163507627822008,0.633574255006176,0.03770891901866509
48,2,LMM-1,4,12.0,2.1213203435596424,11.95000000000001,2.0152543263816627,0.7789798835259004,0.04216562003382619
48,2,LMM-2,4,11.25,3.2691742076555053,11.237500000000008,3.1057154972727328,0.7966672389294343,0.0687314116380627
48,4,LMM-1,4,12.0,2.1213203435596424,11.949999999999987,2.015254326381657,0.7325987325671656,0.048159693843742246
48,4,LMM-2,4,11.25,3.2691742076555053,11.237499999999988,3.1057154972727257,0.7553853527217267,0.08286011745306031
48,6,LMM-1,4,12.0,2.1213203435596424,11.949999999999974,2.0152543263816556,0.6889466930705477,0.05328450865622789
48,6,LMM-2,4,11.25,3.2691742076555053,11.237499999999976,3.105715497272723,0.7165127764810361,0.09569194116736857
48,8,LMM-1,4,12.0,2.1213203435596424,11.94999999999998,2.015254326381658,0.6479093287512108,0.05766887269729284
48,8,LMM-2,4,11.25,3.2691742076555053,11.237499999999981,3.1057154972727257,0.679913748940502,0.10730736863055823
49,2,LMM-1,4,11.25,1.299038105676658,11.237500000000008,1.2340862003928268,0.7834991021161406,0.029564916772153053
49,2,LMM-2,4,11.25,1.299038105676658,11.237500000000008,1.2340862003928268,0.7834991021161406,0.029564916772153053
49,4,LMM-1,4,11.25,1.299038105676658,11.237499999999988,1.2340862003928235,0.7390973157651477,0.03324665075687031
49,4,LMM-2,4,11.25,1.299038105676658,11.237499999999988,1.2340862003928235,0.7390973157651477,0.03324665075687031
49,6,LMM-1,4,11.25,1.299038105676658,11.237499999999976,1.2340862003928228,0.6971183063026054,0.036408837904283155
49,6,LMM-2,4,11.25,1.299038105676658,11.237499999999976,1.2340862003928228,0.6971183063026054,0.036408837904283155
49,8,LMM-1,4,11.25,1.299038105676658,11.23749999999998,1.2340862003928235,0.6576282632001773,0.03895516744338977
49,8,LMM-2,4,11.25,1.299038105676658,11.23749999999998,1.2340862003928235,0.6576282632001773,0.03895516744338977
50,2,LMM-1,4,10.5,1.118033988749895,10.525000000000007,1.062132289312402,0.7998850619300255,0.029255227482834167
50,2,LMM-2,4,9.5,2.692582403567252,9.575000000000006,2.557953283388892,0.8221356883105082,0.0642841571110139
50,4,LMM-1,4,10.5,1.118033988749895,10.52499999999999,1.0621322893123992,0.758040944993522,0.03273370892075825
50,4,LMM-2,4,9.5,2.692582403567252,9.57499999999999,2.557953283388887,0.7859827469862206,0.07697570335184042
50,6,LMM-1,4,10.5,1.118033988749895,10.524999999999977,1.0621322893123981,0.7182891463482148,0.03577564116638223
50,6,LMM-2,4,9.5,2.692582403567252,9.57499999999998,2.5579532833888843,0.7515883826778981,0.08873367663123956
50,8,LMM-1,4,10.5,1.118033988749895,10.52499999999998,1.0621322893123988,0.6806735069540016,0.0382735720508733
50,8,LMM-2,4,9.5,2.692582403567252,9.574999999999983,2.557953283388885,0.7190100881070871,0.09949638401526324
51,2,LMM-1,4,10.25,0.4330127018922193,10.287500000000007,0.41136206679760884,0.8116719213422529,0.01580072522166106
51,2,LMM-2,4,10.25,0.4330127018922193,10.287500000000007,0.41136206679760884,0.8116719213422529,0.01580072522166106
51,4,LMM-1,4,10.25,0.4330127018922193,10.28749999999999,0.41136206679760806,0.7730311323171529,0.020087757175290554
51,4,LMM-2,4,10.25,0.4330127018922193,10.28749999999999,0.41136206679760806,0.7730311323171529,0.020087757175290554
51,6,LMM-1,4,10.25,0.4330127018922193,10.287499999999977,0.41136206679760806,0.7361538337885863,0.024244790766145743
51,6,LMM-2,4,10.25,0.4330127018922193,10.287499999999977,0.41136206679760806,0.7361538337885863,0.024244790766145743
51,8,LMM-1,4,10.25,0.4330127018922193,10.28749999999998,0.41136206679760806,0.7010666727106596,0.028017463854581294
51,8,LMM-2,4,10.25,0.4330127018922193,10.28749999999998,0.41136206679760806,0.7010666727106596,0.028017463854581294
52,2,LMM-1,4,11.5,0.8660254037844386,11.475000000000009,0.8227241335952177,0.7765771683509024,0.01616317966319649
52,2,LMM-2,4,11.5,0.8660254037844386,11.475000000000009,0.8227241335952177,0.7765771683509024,0.01616317966319649
52,4,LMM-1,4,11.5,0.8660254037844386,11.474999999999989,0.8227241335952153,0.7319086588830177,0.01886950348512685
52,4,LMM-2,4,11.5,0.8660254037844386,11.474999999999989,0.8227241335952153,0.7319086588830177,0.01886950348512685
52,6,LMM-1,4,11.5,0.8660254037844386,11.474999999999977,0.8227241335952146,0.6896988345951945,0.021211168821196398
52,6,LMM-2,4,11.5,0.8660254037844386,11.474999999999977,0.8227241335952146,0.6896988345951945,0.021211168821196398
52,8,LMM-1,4,11.5,0.8660254037844386,11.47499999999998,0.8227241335952153,0.6498452831478769,0.02322450456511441
52,8,LMM-2,4,11.5,0.8660254037844386,11.47499999999998,0.8227241335952153,0.6498452831478769,0.02322450456511441
53,2,LMM-1,4,15.5,4.55521678957215,15.27500000000001,4.327455950093544,0.7003798443374392,0.08399762021328398
53,2,LMM-2,4,15.5,4.55521678957215,15.27500000000001,4.327455950093544,0.7003798443374392,0.08399762021328398
53,4,LMM-1,4,15.5,4.55521678957215,15.27499999999998,4.3274559500935315,0.6470181727029573,0.09330082475172578
53,4,LMM-2,4,15.5,4.55521678957215,12.774999999999991,1.360836140025678,0.6642914394241157,0.06689404984082475
53,6,LMM-1,4,15.5,4.55521678957215,15.274999999999963,4.327455950093527,0.5980128620803917,0.1003178597908306
53,6,LMM-2,4,15.5,4.55521678957215,13.608333333333306,1.8193977941432518,0.6141040863381968,0.07542126225640865
53,8,LMM-1,4,15.5,4.55521678957215,15.712499999999977,5.0532631783828545,0.5266773394080484,0.1488574252436447
53,8,LMM-2,4,15.5,4.55521678957215,12.774999999999974,1.3608361400256828,0.5816828437827248,0.0628337288327539
54,2,LMM-1,4,12.625,0.649519052838329,12.543750000000008,0.6170431001964136,0.7728207686772094,0.01730759373724171
54,2,LMM-2,4,12.625,0.649519052838329,12.543750000000008,0.6170431001964136,0.7728207686772094,0.01730759373724171
54,4,LMM-1,4,12.625,0.649519052838329,12.543749999999987,0.6170431001964121,0.7303768560310655,0.02632833360012657
54,4,LMM-2,4,12.625,0.649519052838329,12.543749999999987,0.6170431001964121,0.7303768560310655,0.02632833360012657
54,6,LMM-1,4,12.625,0.649519052838329,12.543749999999973,0.6170431001964113,0.6902921979990745,0.03453353866651049
54,6,LMM-2,4,12.625,0.649519052838329,12.543749999999973,0.6170431001964113,0.6902921979990745,0.03453353866651049
54,8,LMM-1,4,12.625,0.649519052838329,12.543749999999978,0.6170431001964113,0.6524376301845529,0.04193169340450318
54,8,LMM-2,4,12.625,0.649519052838329,12.543749999999978,0.6170431001964113,0.6524376301845529,0.04193169340450318
55,2,LMM-1,4,9.5,1.118033988749895,9.575000000000006,1.0621322893124012,0.8206066707316964,0.028450831759841862
55,2,LMM-2,4,9.625,0.960143218483576,9.693750000000005,0.9121360575593985,0.8234588494372593,0.03256157195471472
55,4,LMM-1,4,9.5,1.118033988749895,9.57499999999999,1.0621322893123992,0.7815026454760456,0.032215478231221596
55,4,LMM-2,4,8.84375,2.1238507921932746,8.95156249999999,2.0176582525836086,0.8029616923262991,0.0659113601296737
55,6,LMM-1,4,9.5,1.118033988749895,9.57499999999998,1.062132289312398,0.7441659174754686,0.03556252139213347
55,6,LMM-2,4,8.75,2.277608394786075,8.862499999999981,2.1637279750467666,0.7719118205563082,0.07949404560998384
55,8,LMM-1,4,9.5,1.118033988749895,9.574999999999982,1.0621322893123986,0.7086112323471048,0.03841923957982541
55,8,LMM-2,4,8.75,2.277608394786075,8.862499999999983,2.163727975046767,0.7406751179115861,0.08938712130605138
56,2,LMM-1,4,10.75,1.479019945774904,10.762500000000006,1.4050689484861605,0.8080716535946122,0.02443540093597263
56,2,LMM-2,4,10.75,1.479019945774904,10.762500000000006,1.4050689484861605,0.8080716535946122,0.02443540093597263
56,4,LMM-1,4,10.75,1.479019945774904,10.762499999999989,1.4050689484861572,0.7710732077988446,0.02116068394487475
56,4,LMM-2,4,10.75,1.479019945774904,10.762499999999989,1.4050689484861572,0.7710732077988446,0.02116068394487475
56,6,LMM-1,4,10.75,1.479019945774904,10.762499999999976,1.4050689484861558,0.7357136747954259,0.019688142607896853
56,6,LMM-2,4,10.75,1.479019945774904,10.762499999999976,1.4050689484861558,0.7357136747954259,0.019688142607896853
56,8,LMM-1,4,10.75,1.479019945774904,10.762499999999982,1.4050689484861572,0.7019929484925412,0.01988941447831277
56,8,LMM-2,4,10.75,1.479019945774904,10.762499999999982,1.4050689484861572,0.7019929484925412,0.01988941447831277
57,2,LMM-1,4,9.75,0.82915619758885,9.812500000000005,0.7876983877094084,0.8135162943173346,0.01922951107806676
57,2,LMM-2,4,9.75,0.82915619758885,9.812500000000005,0.7876983877094083,0.8191624212147084,0.020651317968875666
57,4,LMM-1,4,9.75,0.82915619758885,9.81249999999999,0.7876983877094069,0.7737976027292346,0.021924003587644757
57,4,LMM-2,4,9.75,0.82915619758885,9.81249999999999,0.7876983877094067,0.7851723423217609,0.027716012593645395
57,6,LMM-1,4,9.75,0.82915619758885,9.812499999999979,0.787698387709406,0.735906499395265,0.024310265462160995
57,6,LMM-2,4,9.75,0.82915619758885,9.812499999999979,0.787698387709406,0.7526291890359176,0.03538701277393214
57,8,LMM-1,4,9.75,0.82915619758885,9.812499999999982,0.787698387709406,0.6998855446011486,0.02628842497139081
57,8,LMM-2,4,9.75,0.82915619758885,9.812499999999982,0.7876983877094063,0.721570545355212,0.042839486503545264
58,2,LMM-1,4,14.25,0.4330127018922193,14.087500000000013,0.41136206679760806,0.7463629313170355,0.007986912971382352
58,2,LMM-2,4,14.25,0.4330127018922193,14.087500000000013,0.41136206679760806,0.7463629313170355,0.007986912971382352
58,4,LMM-1,4,14.25,0.4330127018922193,14.087499999999984,0.4113620667976065,0.6934167584335267,0.009062043663982096
58,4,LMM-2,4,14.25,0.4330127018922193,14.087499999999984,0.4113620667976065,0.6934167584335267,0.009062043663982096
58,6,LMM-1,4,14.25,0.4330127018922193,14.087499999999967,0.41136206679760806,0.6441079917218774,0.009938303693534956
58,6,LMM-2,4,14.25,0.4330127018922193,14.087499999999967,0.41136206679760806,0.6441079917218774,0.009938303693534956
58,8,LMM-1,4,14.25,0.4330127018922193,14.087499999999977,0.41136206679760806,0.5981966341097741,0.010638015555337074
58,8,LMM-2,4,14.25,0.4330127018922193,14.087499999999977,0.41136206679760806,0.5981966341097741,0.010638015555337074
59,2,LMM-1,4,10.75,1.299038105676658,10.762500000000008,1.2340862003928272,0.7995260178156897,0.03131925495469514
59,2,LMM-2,4,10.75,1.299038105676658,10.762500000000008,1.2340862003928272,0.7995260178156897,0.03131925495469514
59,4,LMM-1,4,10.75,1.299038105676658,10.762499999999989,1.2340862003928241,0.760538428688988,0.03926425688811134
59,4,LMM-2,4,10.75,1.299038105676658,10.762499999999989,1.2340862003928241,0.760538428688988,0.03926425688811134
59,6,LMM-1,4,10.75,1.299038105676658,10.762499999999976,1.2340862003928228,0.7234745874966291,0.04676600085858908
59,6,LMM-2,4,10.75,1.299038105676658,10.762499999999976,1.2340862003928228,0.7234745874966291,0.04676600085858908
59,8,LMM-1,4,10.75,1.299038105676658,10.762499999999982,1.2340862003928235,0.6883459224319827,0.05360068486430578
59,8,LMM-2,4,10.75,1.299038105676658,10.762499999999982,1.2340862003928235,0.6883459224319827,0.05360068486430578
60,2,LMM-1,4,10.0,1.224744871391589,10.050000000000006,1.163507627822011,0.8072873487212163,0.031149382022134478
60,2,LMM-2,4,9.625,1.8498310733685928,9.693750000000005,1.7573395197001647,0.8204251576026342,0.05109013388510198
60,4,LMM-1,4,10.0,1.224744871391589,10.04999999999999,1.1635076278220087,0.7691814507558135,0.03650955621386155
60,4,LMM-2,4,9.375,2.2741756748325317,9.45624999999999,2.1604668910909024,0.7948446833668914,0.07559806862391684
60,6,LMM-1,4,10.0,1.224744871391589,10.04999999999998,1.1635076278220073,0.7328241101371824,0.04146056839462037
60,6,LMM-2,4,9.25,2.48746859276655,9.33749999999998,2.3630951631282175,0.7670788314897816,0.09328379905028596
60,8,LMM-1,4,10.0,1.224744871391589,10.049999999999983,1.163507627822008,0.6984306940342819,0.0457275067441722
60,8,LMM-2,4,9.25,2.48746859276655,9.337499999999984,2.3630951631282184,0.7387179160141176,0.10618763560991952
61,2,LMM-1,4,11.5,0.5,11.475000000000009,0.4750000000000014,0.7881418901545468,0.013237383275431669
61,2,LMM-2,4,11.5,0.5,11.475000000000009,0.4750000000000014,0.7881418901545468,0.013237383275431669
61,4,LMM-1,4,11.5,0.5,11.474999999999989,0.47499999999999964,0.7429994691993047,0.014768841402229671
61,4,LMM-2,4,11.5,0.5,11.474999999999989,0.47499999999999964,0.7429994691993047,0.014768841402229671
61,6,LMM-1,4,11.5,0.5,11.474999999999977,0.47499999999999876,0.7003202300162605,0.016082504462159697
61,6,LMM-2,4,11.5,0.5,11.474999999999977,0.47499999999999876,0.7003202300162605,0.016082504462159697
61,8,LMM-1,4,11.5,0.5,11.47499999999998,0.47499999999999964,0.6601768039759595,0.016997781689775338
61,8,LMM-2,4,11.5,0.5,11.47499999999998,0.47499999999999964,0.6601768039759595,0.016997781689775338
62,2,LMM-1,4,9.75,1.920286436967152,9.812500000000005,1.8242721151187964,0.8209043574402624,0.04441132051938291
62,2,LMM-2,4,9.625,1.9803724397193574,9.693750000000005,1.8813538177333917,0.8242057342785162,0.04699393671032218
62,4,LMM-1,4,9.75,1.920286436967152,9.81249999999999,1.8242721151187924,0.7859310357095348,0.053886184847714416
62,4,LMM-2,4,9.625,1.9803724397193574,9.693749999999989,1.8813538177333877,0.7902160037650254,0.05794262664407076
62,6,LMM-1,4,9.75,1.920286436967152,9.812499999999979,1.8242721151187904,0.7525431143548169,0.06280650400806319
62,6,LMM-2,4,9.625,1.9803724397193574,9.693749999999978,1.8813538177333855,0.7577782572675564,0.06830695780254106
62,8,LMM-1,4,9.75,1.920286436967152,9.812499999999982,1.8242721151187915,0.7206893919849356,0.07103278411274135
62,8,LMM-2,4,9.625,1.9803724397193574,9.693749999999982,1.8813538177333866,0.726842065161133,0.07794127507799396
63,2,LMM-1,4,9.75,0.82915619758885,9.812500000000005,0.7876983877094084,0.8152136366592011,0.018653364238594733
63,2,LMM-2,4,9.75,0.82915619758885,9.812500000000005,0.7876983877094084,0.8152136366592011,0.018653364238594733
63,4,LMM-1,4,9.75,0.82915619758885,9.81249999999999,0.7876983877094069,0.7756108232434191,0.02139516251902917
63,4,LMM-2,4,9.75,0.82915619758885,9.81249999999999,0.7876983877094069,0.7756108232434191,0.02139516251902917
63,6,LMM-1,4,9.75,0.82915619758885,9.812499999999979,0.787698387709406,0.7378213154722624,0.023819857775549375
63,6,LMM-2,4,9.75,0.82915619758885,9.812499999999979,0.787698387709406,0.7378213154722624,0.023819857775549375
63,8,LMM-1,4,9.75,0.82915619758885,9.812499999999982,0.787698387709406,0.7019276035976805,0.025740912299219144
63,8,LMM-2,4,9.75,0.82915619758885,9.812499999999982,0.787698387709406,0.7019276035976805,0.025740912299219144
64,2,LMM-1,4,10.0,0.9354143466934853,10.050000000000006,0.8886436293588126,0.8213944827564659,0.022416801046000356
64,2,LMM-2,4,10.0,0.9354143466934853,10.050000000000006,0.8886436293588126,0.8213944827564659,0.022416801046000356
64,4,LMM-1,4,10.0,0.9354143466934853,10.04999999999999,0.8886436293588104,0.7846793618289201,0.025509630626489085
64,4,LMM-2,4,10.0,0.9354143466934853,10.04999999999999,0.8886436293588104,0.7846793618289201,0.025509630626489085
64,6,LMM-1,4,10.0,0.9354143466934853,10.049999999999978,0.888643629358809,0.7495288550838614,0.028608842317460133
64,6,LMM-2,4,10.0,0.9354143466934853,10.049999999999978,0.888643629358809,0.7495288550838614,0.028608842317460133
64,8,LMM-1,4,10.0,0.9354143466934853,10.049999999999981,0.8886436293588099,0.7159189885800953,0.03159235602842363
64,8,LMM-2,4,10.0,0.9354143466934853,10.049999999999981,0.8886436293588099,0.7159189885800953,0.03159235602842363
65,2,LMM-1,4,12.0,0.0,11.95000000000001,0.0,0.7816076408998434,0.0
65,2,LMM-2,4,12.0,0.0,11.95000000000001,0.0,0.7816076408998434,0.0
65,4,LMM-1,4,12.0,0.0,11.949999999999989,0.0,0.7347687669491163,0.0
65,4,LMM-2,4,12.0,0.0,11.949999999999989,0.0,0.7347687669491163,0.0
65,6,LMM-1,4,12.0,0.0,11.949999999999974,0.0,0.6906075369642407,0.0
65,6,LMM-2,4,12.0,0.0,11.949999999999974,0.0,0.6906075369642407,0.0
65,8,LMM-1,4,12.0,0.0,11.94999999999998,0.0,0.648979559986816,0.0
65,8,LMM-2,4,12.0,0.0,11.94999999999998,0.0,0.648979559986816,0.0
66,2,LMM-1,4,13.25,1.299038105676658,13.13750000000001,1.2340862003928272,0.7703282328177307,0.019909716379962333
66,2,LMM-2,4,13.25,1.299038105676658,13.13750000000001,1.2340862003928272,0.7703282328177307,0.019909716379962333
66,4,LMM-1,4,13.25,1.299038105676658,13.137499999999987,1.2340862003928235,0.7198435093846781,0.023807629376359513
66,4,LMM-2,4,13.25,1.299038105676658,13.137499999999987,1.2340862003928235,0.7198435093846781,0.023807629376359513
66,6,LMM-1,4,13.25,1.299038105676658,13.13749999999997,1.234086200392821,0.6725760262696204,0.027146055533034626
66,6,LMM-2,4,13.25,1.299038105676658,13.13749999999997,1.234086200392821,0.6725760262696204,0.027146055533034626
66,8,LMM-1,4,13.25,1.299038105676658,13.137499999999978,1.2340862003928235,0.6283385686275451,0.029970777999071777
66,8,LMM-2,4,13.25,1.299038105676658,13.137499999999978,1.2340862003928235,0.6283385686275451,0.029970777999071777
67,2,LMM-1,4,10.875,2.072890493972125,10.881250000000009,1.9692459692735214,0.7929118659359632,0.04514653934218789
67,2,LMM-2,4,10.75,2.25,10.762500000000008,2.1375000000000024,0.7959532606014619,0.049471812801097394
67,4,LMM-1,4,10.875,2.072890493972125,10.881249999999989,1.969245969273516,0.7512408669835177,0.05011874100928209
67,4,LMM-2,4,10.625,2.433490291741473,10.643749999999988,2.3118157771543966,0.7595279656949434,0.06237462858319505
67,6,LMM-1,4,10.875,2.072890493972125,10.881249999999977,1.969245969273514,0.7117100980098403,0.05450181104397325
67,6,LMM-2,4,10.625,2.433490291741473,10.643749999999976,2.3118157771543943,0.7224598089499488,0.07064622016628673
67,8,LMM-1,4,10.875,2.072890493972125,10.88124999999998,1.969245969273516,0.6743170085538421,0.058292008872284244
67,8,LMM-2,4,10.625,2.433490291741473,10.643749999999981,2.3118157771543957,0.68736374901186,0.07810754218749136
68,2,LMM-1,4,15.0,3.3166247903554,14.800000000000011,3.1507935508376326,0.6945099398597546,0.0646827143517442
68,2,LMM-2,4,15.0,3.3166247903554,14.800000000000011,3.1507935508376326,0.6945099398597546,0.0646827143517442
68,4,LMM-1,4,15.0,3.3166247903554,14.799999999999981,3.150793550837623,0.6411380778711109,0.07292713335729065
68,4,LMM-2,4,15.0,3.3166247903554,14.799999999999981,3.150793550837623,0.6411380778711109,0.07292713335729065
68,6,LMM-1,4,15.0,3.3166247903554,14.799999999999965,3.150793550837621,0.5919922138017123,0.07962752796986086
68,6,LMM-2,4,15.0,3.3166247903554,14.799999999999965,3.150793550837621,0.5919922138017123,0.07962752796986086
68,8,LMM-1,4,15.0,3.3166247903554,14.799999999999974,3.150793550837625,0.5467580535024483,0.08499802094391679
68,8,LMM-2,4,15.0,3.3166247903554,14.799999999999974,3.150793550837625,0.5467580535024483,0.08499802094391679
69,2,LMM-1,4,10.25,0.82915619758885,10.287500000000007,0.7876983877094084,0.8089730426039415,0.021668224699479387
69,2,LMM-2,4,10.25,0.82915619758885,10.287500000000007,0.7876983877094084,0.8089730426039415,0.021668224699479387
69,4,LMM-1,4,10.25,0.82915619758885,10.28749999999999,0.7876983877094069,0.7676119493454667,0.024542479869000627
69,4,LMM-2,4,10.25,0.82915619758885,10.28749999999999,0.7876983877094069,0.7676119493454667,0.024542479869000627
69,6,LMM-1,4,10.25,0.82915619758885,10.287499999999978,0.7876983877094063,0.7282563031471171,0.027087640991584908
69,6,LMM-2,4,10.25,0.82915619758885,10.287499999999978,0.7876983877094063,0.7282563031471171,0.027087640991584908
69,8,LMM-1,4,10.25,0.82915619758885,10.287499999999982,0.7876983877094063,0.6908452211595046,0.029310333337344577
69,8,LMM-2,4,10.25,0.82915619758885,10.287499999999982,0.7876983877094063,0.6908452211595046,0.029310333337344577
70,2,LMM-1,4,10.5,0.8660254037844386,10.525000000000006,0.8227241335952177,0.8059127030917376,0.019958251878595547
70,2,LMM-2,4,10.5,0.8660254037844386,10.525000000000006,0.8227241335952177,0.8059127030917376,0.019958251878595547
70,4,LMM-1,4,10.5,0.8660254037844386,10.52499999999999,0.8227241335952161,0.7638570692889542,0.02277237454840587
70,4,LMM-2,4,10.5,0.8660254037844386,10.52499999999999,0.8227241335952161,0.7638570692889542,0.02277237454840587
70,6,LMM-1,4,10.5,0.8660254037844386,10.524999999999977,0.8227241335952153,0.7238853101930939,0.02526590675233962
70,6,LMM-2,4,10.5,0.8660254037844386,10.524999999999977,0.8227241335952153,0.7238853101930939,0.02526590675233962
70,8,LMM-1,4,10.5,0.8660254037844386,10.52499999999998,0.8227241335952153,0.6861184477432278,0.027357396944030214
70,8,LMM-2,4,10.5,0.8660254037844386,10.52499999999998,0.8227241335952153,0.6861184477432278,0.027357396944030214
71,2,LMM-1,4,11.375,0.81967981553775,11.356250000000008,0.7786958247608642,0.7890750335934567,0.02080318005512538
71,2,LMM-2,4,11.375,0.81967981553775,11.356250000000008,0.7786958247608642,0.7890750335934567,0.02080318005512538
71,4,LMM-1,4,11.375,0.81967981553775,11.356249999999989,0.778695824760862,0.7469650741571325,0.0238226265739465
71,4,LMM-2,4,11.375,0.81967981553775,11.356249999999989,0.778695824760862,0.7469650741571325,0.0238226265739465
71,6,LMM-1,4,11.375,0.81967981553775,11.356249999999974,0.7786958247608613,0.7070246172833341,0.026966250539389176
71,6,LMM-2,4,11.375,0.81967981553775,11.356249999999974,0.7786958247608613,0.7070246172833341,0.026966250539389176
71,8,LMM-1,4,11.375,0.81967981553775,11.35624999999998,0.778695824760862,0.6692055146245226,0.030023138863592834
71,8,LMM-2,4,11.375,0.81967981553775,11.35624999999998,0.778695824760862,0.6692055146245226,0.030023138863592834
72,2,LMM-1,4,8.875,1.0231690964840563,8.981250000000005,0.9720106416598542,0.835980264857907,0.02045417423771875
72,2,LMM-2,4,9.125,0.8926785535678563,9.218750000000005,0.848044625889464,0.836836642643631,0.02126671187541236
72,4,LMM-1,4,8.875,1.0231690964840563,8.98124999999999,0.9720106416598527,0.801601033523427,0.020431304143189628
72,4,LMM-2,4,9.125,0.8926785535678563,9.218749999999991,0.8480446258894628,0.8013028074702824,0.020155290327131592
72,6,LMM-1,4,8.875,1.0231690964840563,8.981249999999982,0.9720106416598513,0.7685273754839669,0.02048672069645062
72,6,LMM-2,4,9.125,0.8926785535678563,9.21874999999998,0.8480446258894616,0.7671675727083273,0.019268200346899227
72,8,LMM-1,4,8.875,1.0231690964840563,8.981249999999983,0.972010641659852,0.7367389938189673,0.02058172728830068
72,8,LMM-2,4,9.125,0.8926785535678563,9.218749999999982,0.8480446258894622,0.7344054669408526,0.018572326566880033
73,2,LMM-1,4,9.75,1.479019945774904,9.812500000000007,1.4050689484861612,0.810988767169905,0.040210503679946746
73,2,LMM-2,4,9.75,1.479019945774904,9.812500000000007,1.4050689484861612,0.810988767169905,0.040210503679946746
73,4,LMM-1,4,9.75,1.479019945774904,9.81249999999999,1.4050689484861578,0.7733920259774852,0.04634433473501498
73,4,LMM-2,4,9.75,1.479019945774904,9.81249999999999,1.4050689484861578,0.7733920259774852,0.04634433473501498
73,6,LMM-1,4,9.75,1.479019945774904,9.812499999999979,1.4050689484861558,0.7375138394664051,0.051947867784486006
73,6,LMM-2,4,9.75,1.479019945774904,9.812499999999979,1.4050689484861558,0.7375138394664051,0.051947867784486006
73,8,LMM-1,4,9.75,1.479019945774904,9.812499999999982,1.4050689484861572,0.7035071773931869,0.056740871991139634
73,8,LMM-2,4,9.75,1.479019945774904,9.812499999999982,1.4050689484861572,0.7035071773931869,0.056740871991139634
74,2,LMM-1,4,12.125,0.21650635094610965,12.068750000000009,0.20568103339880325,0.784088066529877,0.0018294716340801905
74,2,LMM-2,4,12.125,0.21650635094610965,12.068750000000009,0.20568103339880325,0.784088066529877,0.0018294716340801905
74,4,LMM-1,4,12.125,0.21650635094610965,12.068749999999989,0.20568103339880403,0.7425744555827689,0.011207325401584459
74,4,LMM-2,4,12.125,0.21650635094610965,12.068749999999989,0.20568103339880403,0.7425744555827689,0.011207325401584459
74,6,LMM-1,4,12.125,0.21650635094610965,12.068749999999975,0.20568103339880403,0.7032673241405052,0.019759529550081003
74,6,LMM-2,4,12.125,0.21650635094610965,12.068749999999975,0.20568103339880403,0.7032673241405052,0.019759529550081003
74,8,LMM-1,4,12.125,0.21650635094610965,12.06874999999998,0.20568103339880403,0.6660524802460213,0.027538967477515823
74,8,LMM-2,4,12.125,0.21650635094610965,12.06874999999998,0.20568103339880403,0.6660524802460213,0.027538967477515823
75,2,LMM-1,4,10.25,0.4330127018922193,10.287500000000007,0.41136206679760884,0.7996804662215128,0.012118962802065572
75,2,LMM-2,4,10.25,0.4330127018922193,10.287500000000007,0.41136206679760884,0.7996804662215128,0.012118962802065572
75,4,LMM-1,4,10.25,0.4330127018922193,10.28749999999999,0.41136206679760806,0.758161782745769,0.013241557851065684
75,4,LMM-2,4,10.25,0.4330127018922193,10.28749999999999,0.41136206679760806,0.758161782745769,0.013241557851065684
75,6,LMM-1,4,10.25,0.4330127018922193,10.287499999999977,0.41136206679760806,0.7186714449663172,0.014230382500955228
75,6,LMM-2,4,10.25,0.4330127018922193,10.287499999999977,0.41136206679760806,0.7186714449663172,0.014230382500955228
75,8,LMM-1,4,10.25,0.4330127018922193,10.28749999999998,0.41136206679760806,0.681243236320003,0.01510697108000294
75,8,LMM-2,4,10.25,0.4330127018922193,10.28749999999998,0.41136206679760806,0.681243236320003,0.01510697108000294
76,2,LMM-1,4,9.5,1.5,9.575000000000006,1.4250000000000016,0.8167988131832845,0.037391811077444936
76,2,LMM-2,4,9.5,1.5,9.575000000000006,1.4250000000000016,0.8167988131832845,0.037391811077444936
76,4,LMM-1,4,9.5,1.5,9.57499999999999,1.424999999999999,0.7781649912789927,0.04238484853270194
76,4,LMM-2,4,9.5,1.5,9.57499999999999,1.424999999999999,0.7781649912789927,0.04238484853270194
76,6,LMM-1,4,9.5,1.5,9.57499999999998,1.4249999999999972,0.7412889293479505,0.046829727467497154
76,6,LMM-2,4,9.5,1.5,9.57499999999998,1.4249999999999972,0.7412889293479505,0.046829727467497154
76,8,LMM-1,4,9.5,1.5,9.574999999999982,1.424999999999998,0.7063344460342249,0.050586823238519894
76,8,LMM-2,4,9.5,1.5,9.574999999999982,1.424999999999998,0.7063344460342249,0.050586823238519894
77,2,LMM-1,4,13.5,1.5,13.37500000000001,1.4250000000000007,0.7601676136427582,0.028188632195798327
77,2,LMM-2,4,13.5,1.5,13.37500000000001,1.4250000000000007,0.7601676136427582,0.028188632195798327
77,4,LMM-1,4,13.5,1.5,13.374999999999986,1.4249999999999963,0.710482176772942,0.03064953681533486
77,4,LMM-2,4,13.5,1.5,13.374999999999986,1.4249999999999963,0.710482176772942,0.03064953681533486
77,6,LMM-1,4,13.5,1.5,13.374999999999972,1.4249999999999963,0.6639556157117168,0.032818090321613085
77,6,LMM-2,4,13.5,1.5,13.374999999999972,1.4249999999999963,0.6639556157117168,0.032818090321613085
77,8,LMM-1,4,13.5,1.5,13.374999999999979,1.424999999999998,0.6203938404466826,0.0346558827965058
77,8,LMM-2,4,13.5,1.5,13.374999999999979,1.424999999999998,0.6203938404466826,0.0346558827965058
78,2,LMM-1,4,12.375,2.6309456474811483,12.30625000000001,2.499398365107094,0.7600507578599758,0.062207308531782544
78,2,LMM-2,4,12.25,2.7950849718747373,12.187500000000009,2.6553307232810037,0.7630419187919738,0.0664712538186432
78,4,LMM-1,4,12.375,2.6309456474811483,12.306249999999986,2.4993983651070866,0.7178922832174085,0.07483375396006749
78,4,LMM-2,4,12.21875,2.837217772307935,12.157812499999986,2.6953568836925337,0.7236712626454153,0.08338627910521297
78,6,LMM-1,4,12.375,2.6309456474811483,12.306249999999974,2.499398365107085,0.6783156269388626,0.08613055120984553
78,6,LMM-2,4,12.1875,2.879751508377068,12.128124999999972,2.735763932958208,0.686718141773244,0.09885669068462223
78,8,LMM-1,4,12.375,2.6309456474811483,12.306249999999979,2.4993983651070875,0.6412306926121409,0.09616649778555027
78,8,LMM-2,4,12.140625,2.9442658120276777,12.083593749999979,2.79705252142629,0.6513282880826406,0.11168148066493105
79,2,LMM-1,4,11.75,0.82915619758885,11.71250000000001,0.7876983877094085,0.7923253471727362,0.02186185475940545
79,2,LMM-2,4,11.75,0.82915619758885,11.71250000000001,0.7876983877094085,0.7923253471727362,0.02186185475940545
79,4,LMM-1,4,11.75,0.82915619758885,11.712499999999988,0.7876983877094069,0.7513754036118624,0.018508710185477076
79,4,LMM-2,4,11.75,0.82915619758885,11.712499999999988,0.7876983877094069,0.7513754036118624,0.018508710185477076
79,6,LMM-1,4,11.75,0.82915619758885,11.712499999999975,0.7876983877094054,0.7124843126825415,0.017247047975648244
79,6,LMM-2,4,11.75,0.82915619758885,11.712499999999975,0.7876983877094054,0.7124843126825415,0.017247047975648244
79,8,LMM-1,4,11.75,0.82915619758885,11.71249999999998,0.7876983877094069,0.6755547808580628,0.017923265348226823
79,8,LMM-2,4,11.75,0.82915619758885,11.71249999999998,0.7876983877094069,0.6755547808580628,0.017923265348226823
80,2,LMM-1,4,11.0,1.224744871391589,11.000000000000007,1.163507627822011,0.797663326092929,0.022786091961082028
80,2,LMM-2,4,11.0,1.224744871391589,11.000000000000007,1.163507627822011,0.797663326092929,0.022786091961082028
80,4,LMM-1,4,11.0,1.224744871391589,10.99999999999999,1.163507627822008,0.7599182881448172,0.018148803186173262
80,4,LMM-2,4,11.0,1.224744871391589,10.99999999999999,1.163507627822008,0.7599182881448172,0.018148803186173262
80,6,LMM-1,4,11.0,1.224744871391589,10.999999999999975,1.1635076278220073,0.7239042930545576,0.015412880045854404
80,6,LMM-2,4,11.0,1.224744871391589,10.999999999999975,1.1635076278220073,0.7239042930545576,0.015412880045854404
80,8,LMM-1,4,11.0,1.224744871391589,10.99999999999998,1.1635076278220087,0.6895894276805568,0.014929031336172682
80,8,LMM-2,4,11.0,1.224744871391589,10.99999999999998,1.1635076278220087,0.6895894276805568,0.014929031336172682
81,2,LMM-1,4,11.0,0.7071067811865476,11.000000000000007,0.6717514421272222,0.8073457977636265,0.025574497556102888
81,2,LMM-2,4,11.0,0.7071067811865476,11.000000000000007,0.6717514421272222,0.8073457977636265,0.025574497556102888
81,4,LMM-1,4,11.0,0.7071067811865476,10.99999999999999,0.6717514421272203,0.7739707022467638,0.0369733601517586
81,4,LMM-2,4,11.0,0.7071067811865476,10.99999999999999,0.6717514421272203,0.7739707022467638,0.0369733601517586
81,6,LMM-1,4,11.0,0.7071067811865476,10.999999999999977,0.671751442127219,0.7420977696587692,0.04759152695147906
81,6,LMM-2,4,11.0,0.7071067811865476,10.999999999999977,0.671751442127219,0.7420977696587692,0.04759152695147906
81,8,LMM-1,4,11.0,0.7071067811865476,10.99999999999998,0.671751442127219,0.711709694884245,0.057318243556851375
81,8,LMM-2,4,11.0,0.7071067811865476,10.99999999999998,0.671751442127219,0.711709694884245,0.057318243556851375
82,2,LMM-1,4,10.0,1.0,10.050000000000006,0.9500000000000011,0.8212490945217295,0.02175015759797211
82,2,LMM-2,4,9.0,2.0,9.100000000000005,1.900000000000002,0.8464668481875192,0.046984043929667624
82,4,LMM-1,4,10.0,1.0,10.04999999999999,0.9499999999999993,0.7805406221899589,0.024905510504322603
82,4,LMM-2,4,8.78125,2.2402130897528476,8.892187499999991,2.1282024352652034,0.8214927463031589,0.06675132661899733
82,6,LMM-1,4,10.0,1.0,10.04999999999998,0.9499999999999984,0.7417435871153183,0.02769628543972391
82,6,LMM-2,4,8.75,2.277608394786075,8.862499999999981,2.1637279750467666,0.7942978650255794,0.08173685053124059
82,8,LMM-1,4,10.0,1.0,10.049999999999983,0.9499999999999984,0.7048517063788903,0.030151211150337476
82,8,LMM-2,4,8.75,2.277608394786075,8.862499999999985,2.1637279750467675,0.7677564861419499,0.09501928832442118
83,2,LMM-1,4,10.75,0.4330127018922193,10.762500000000006,0.41136206679760884,0.7957140039566015,0.012999094364705139
83,2,LMM-2,4,10.75,0.4330127018922193,10.762500000000006,0.41136206679760884,0.7957140039566015,0.012999094364705139
83,4,LMM-1,4,10.75,0.4330127018922193,10.762499999999989,0.41136206679760806,0.757828341812968,0.018972550945654598
83,4,LMM-2,4,10.75,0.4330127018922193,10.762499999999989,0.41136206679760806,0.757828341812968,0.018972550945654598
83,6,LMM-1,4,10.75,0.4330127018922193,10.762499999999978,0.41136206679760806,0.7217424893677094,0.02590354286299534
83,6,LMM-2,4,10.75,0.4330127018922193,10.762499999999978,0.41136206679760806,0.7217424893677094,0.02590354286299534
83,8,LMM-1,4,10.75,0.4330127018922193,10.762499999999982,0.41136206679760806,0.6874037377169551,0.032694907629933365
83,8,LMM-2,4,10.75,0.4330127018922193,10.762499999999982,0.41136206679760806,0.6874037377169551,0.032694907629933365
84,2,LMM-1,4,14.625,1.8498310733685928,14.443750000000012,1.7573395197001633,0.7387357132243927,0.02864259434721177
84,2,LMM-2,4,14.625,1.8498310733685928,14.443750000000012,1.7573395197001633,0.7387357132243927,0.02864259434721177
84,4,LMM-1,4,14.625,1.8498310733685928,14.443749999999984,1.7573395197001591,0.6870269391678261,0.03287712793453239
84,4,LMM-2,4,14.625,1.8498310733685928,14.443749999999984,1.7573395197001591,0.6870269391678261,0.03287712793453239
84,6,LMM-1,4,14.625,1.8498310733685928,14.443749999999966,1.7573395197001578,0.638888085348422,0.036506109098858194
84,6,LMM-2,4,14.625,1.8498310733685928,14.443749999999966,1.7573395197001578,0.638888085348422,0.036506109098858194
84,8,LMM-1,4,14.625,1.8498310733685928,14.443749999999977,1.757339519700161,0.594076985684725,0.03951544800749065
84,8,LMM-2,4,14.625,1.8498310733685928,14.443749999999977,1.757339519700161,0.594076985684725,0.03951544800749065
85,2,LMM-1,4,13.25,3.344772040064913,13.137500000000008,3.17753343806167,0.7458173216542529,0.07695738033014189
85,2,LMM-2,4,13.25,3.344772040064913,13.137500000000008,3.17753343806167,0.7458173216542529,0.07695738033014189
85,4,LMM-1,4,13.25,3.344772040064913,13.137499999999985,3.1775334380616616,0.6967280639179161,0.08592601468216851
85,4,LMM-2,4,13.25,3.344772040064913,13.137499999999985,3.1775334380616616,0.6967280639179161,0.08592601468216851
85,6,LMM-1,4,13.25,3.344772040064913,13.13749999999997,3.177533438061659,0.651013255238409,0.09338236754781755
85,6,LMM-2,4,13.25,3.344772040064913,13.13749999999997,3.177533438061659,0.651013255238409,0.09338236754781755
85,8,LMM-1,4,13.25,3.344772040064913,13.137499999999978,3.1775334380616633,0.6086326456654135,0.09933261828222519
85,8,LMM-2,4,13.25,3.344772040064913,13.137499999999978,3.1775334380616633,0.6086326456654135,0.09933261828222519
86,2,LMM-1,4,11.25,1.299038105676658,11.237500000000008,1.2340862003928268,0.7930998985627189,0.028794670801713995
86,2,LMM-2,4,11.25,1.299038105676658,11.237500000000008,1.2340862003928268,0.7930998985627189,0.028794670801713995
86,4,LMM-1,4,11.25,1.299038105676658,11.237499999999988,1.2340862003928235,0.748811372978718,0.03274182001790765
86,4,LMM-2,4,11.25,1.299038105676658,11.237499999999988,1.2340862003928235,0.748811372978718,0.03274182001790765
86,6,LMM-1,4,11.25,1.299038105676658,11.237499999999976,1.2340862003928228,0.7069075866723377,0.03615235560979004
86,6,LMM-2,4,11.25,1.299038105676658,11.237499999999976,1.2340862003928228,0.7069075866723377,0.03615235560979004
86,8,LMM-1,4,11.25,1.299038105676658,11.23749999999998,1.2340862003928235,0.6672748307638621,0.03907716330412724
86,8,LMM-2,4,11.25,1.299038105676658,11.23749999999998,1.2340862003928235,0.6672748307638621,0.03907716330412724
87,2,LMM-1,4,11.0,1.0,11.000000000000007,0.950000000000002,0.7849586838587814,0.029039178412214584
87,2,LMM-2,4,11.0,1.0,11.000000000000007,0.950000000000002,0.7849586838587814,0.029039178412214584
87,4,LMM-1,4,11.0,1.0,10.99999999999999,0.9499999999999993,0.741305319277159,0.03204637741444324
87,4,LMM-2,4,11.0,1.0,10.99999999999999,0.9499999999999993,0.741305319277159,0.03204637741444324
87,6,LMM-1,4,11.0,1.0,10.999999999999975,0.9499999999999984,0.6999756062158807,0.034629963621542886
87,6,LMM-2,4,11.0,1.0,10.999999999999975,0.9499999999999984,0.6999756062158807,0.034629963621542886
87,8,LMM-1,4,11.0,1.0,10.99999999999998,0.9499999999999993,0.6612055911428917,0.03701267950279379
87,8,LMM-2,4,11.0,1.0,10.99999999999998,0.9499999999999993,0.6612055911428917,0.03701267950279379
88,2,LMM-1,4,10.25,0.5590169943749475,10.287500000000005,0.5310661446562008,0.8167004311830148,0.018531386702168046
88,2,LMM-2,4,10.25,0.5590169943749475,10.287500000000005,0.5310661446562008,0.8167004311830148,0.018531386702168046
88,4,LMM-1,4,10.25,0.5590169943749475,10.28749999999999,0.5310661446561996,0.7844772393402318,0.02481461613655709
88,4,LMM-2,4,10.25,0.5590169943749475,10.28749999999999,0.5310661446561996,0.7844772393402318,0.02481461613655709
88,6,LMM-1,4,10.25,0.5590169943749475,10.287499999999978,0.5310661446561991,0.7535071250805196,0.030656210720653956
88,6,LMM-2,4,10.25,0.5590169943749475,10.287499999999978,0.5310661446561991,0.7535071250805196,0.030656210720653956
88,8,LMM-1,4,10.25,0.5590169943749475,10.28749999999998,0.5310661446561996,0.7237526057464229,0.03598854297124902
88,8,LMM-2,4,10.25,0.5590169943749475,10.28749999999998,0.5310661446561996,0.7237526057464229,0.03598854297124902
89,2,LMM-1,4,10.75,0.82915619758885,10.762500000000006,0.787698387709409,0.8012306470783691,0.028294789233942352
89,2,LMM-2,4,10.75,0.82915619758885,10.762500000000006,0.787698387709409,0.8012306470783691,0.028294789233942352
89,4,LMM-1,4,10.75,0.82915619758885,10.762499999999989,0.7876983877094069,0.76324442486516,0.037238784328404016
89,4,LMM-2,4,10.75,0.82915619758885,10.762499999999989,0.7876983877094069,0.76324442486516,0.037238784328404016
89,6,LMM-1,4,10.75,0.82915619758885,10.762499999999976,0.7876983877094063,0.7271050716568704,0.04579120119726032
89,6,LMM-2,4,10.75,0.82915619758885,10.762499999999976,0.7876983877094063,0.7271050716568704,0.04579120119726032
89,8,LMM-1,4,10.75,0.82915619758885,10.762499999999982,0.7876983877094069,0.6928142816322855,0.05374862815112503
89,8,LMM-2,4,10.75,0.82915619758885,10.762499999999982,0.7876983877094069,0.6928142816322855,0.05374862815112503
90,2,LMM-1,4,11.25,0.82915619758885,11.237500000000008,0.7876983877094091,0.7846714398966084,0.01826027047185197
90,2,LMM-2,4,11.25,0.82915619758885,11.237500000000008,0.7876983877094091,0.7846714398966084,0.01826027047185197
90,4,LMM-1,4,11.25,0.82915619758885,11.23749999999999,0.7876983877094069,0.7404640694207042,0.02087321762277257
90,4,LMM-2,4,11.25,0.82915619758885,11.23749999999999,0.7876983877094069,0.7404640694207042,0.02087321762277257
90,6,LMM-1,4,11.25,0.82915619758885,11.237499999999976,0.787698387709406,0.6986347085311775,0.023148940934846887
90,6,LMM-2,4,11.25,0.82915619758885,11.237499999999976,0.787698387709406,0.6986347085311775,0.023148940934846887
90,8,LMM-1,4,11.25,0.82915619758885,11.23749999999998,0.7876983877094069,0.6591080261792442,0.025073690157105373
90,8,LMM-2,4,11.25,0.82915619758885,11.23749999999998,0.7876983877094069,0.6591080261792442,0.025073690157105373
91,2,LMM-1,4,10.5,0.8660254037844386,10.525000000000006,0.8227241335952177,0.8065735163080017,0.01959538533290514
91,2,LMM-2,4,10.0,1.7320508075688772,10.050000000000006,1.645448267190435,0.8210509919748528,0.04344861817895694
91,4,LMM-1,4,10.5,0.8660254037844386,10.52499999999999,0.8227241335952161,0.7697512206124911,0.02450805128544787
91,4,LMM-2,4,9.78125,2.1109369217245693,9.84218749999999,2.0053900756383385,0.7953796323334504,0.06401187201158327
91,6,LMM-1,4,10.5,0.8660254037844386,10.524999999999977,0.8227241335952153,0.7346046840852295,0.0304211715519968
91,6,LMM-2,4,9.75,2.165063509461097,9.812499999999979,2.0568103339880377,0.7676157577012201,0.07824590324580032
91,8,LMM-1,4,10.5,0.8660254037844386,10.52499999999998,0.8227241335952153,0.701083209255683,0.0364427792877873
91,8,LMM-2,4,9.75,2.165063509461097,9.812499999999982,2.056810333988038,0.7405335120881577,0.09080240174656223
92,2,LMM-1,4,11.25,1.479019945774904,11.237500000000008,1.4050689484861607,0.7925136624251682,0.032240435713508576
92,2,LMM-2,4,11.25,1.479019945774904,11.237500000000008,1.4050689484861607,0.7925136624251682,0.032240435713508576
92,4,LMM-1,4,11.25,1.479019945774904,11.237499999999988,1.4050689484861572,0.7482088973294676,0.036884180341431205
92,4,LMM-2,4,11.25,1.479019945774904,11.237499999999988,1.4050689484861572,0.7482088973294676,0.036884180341431205
92,6,LMM-1,4,11.25,1.479019945774904,11.237499999999976,1.4050689484861558,0.7063052661269983,0.040940388836251076
92,6,LMM-2,4,11.25,1.479019945774904,11.237499999999976,1.4050689484861558,0.7063052661269983,0.040940388836251076
92,8,LMM-1,4,11.25,1.479019945774904,11.23749999999998,1.4050689484861565,0.666731885306207,0.0444175670399849
92,8,LMM-2,4,11.25,1.479019945774904,11.23749999999998,1.4050689484861565,0.666731885306207,0.0444175670399849
93,2,LMM-1,4,13.75,2.277608394786075,13.612500000000011,2.1637279750467733,0.7498329369739918,0.046981098445731534
93,2,LMM-2,4,13.75,2.277608394786075,13.612500000000011,2.1637279750467733,0.7498329369739918,0.046981098445731534
93,4,LMM-1,4,13.75,2.277608394786075,13.612499999999983,2.1637279750467657,0.6983449636542112,0.052999265422353344
93,4,LMM-2,4,13.75,2.277608394786075,13.612499999999983,2.1637279750467657,0.6983449636542112,0.052999265422353344
93,6,LMM-1,4,13.75,2.277608394786075,13.612499999999969,2.1637279750467644,0.6503828742845994,0.05796801752674481
93,6,LMM-2,4,13.75,2.277608394786075,13.612499999999969,2.1637279750467644,0.6503828742845994,0.05796801752674481
93,8,LMM-1,4,13.75,2.277608394786075,13.612499999999976,2.1637279750467675,0.605741154891783,0.061980171084481006
93,8,LMM-2,4,13.75,2.277608394786075,13.612499999999976,2.1637279750467675,0.605741154891783,0.061980171084481006
94,2,LMM-1,4,11.75,0.82915619758885,11.71250000000001,0.7876983877094085,0.7764772371912061,0.018264585342053167
94,2,LMM-2,4,11.75,0.82915619758885,11.71250000000001,0.7876983877094085,0.7764772371912061,0.018264585342053167
94,4,LMM-1,4,11.75,0.82915619758885,11.712499999999988,0.7876983877094063,0.7306747770353372,0.02055526904577275
94,4,LMM-2,4,11.75,0.82915619758885,11.712499999999988,0.7876983877094063,0.7306747770353372,0.02055526904577275
94,6,LMM-1,4,11.75,0.82915619758885,11.712499999999975,0.7876983877094054,0.6874595005853501,0.02250789751518876
94,6,LMM-2,4,11.75,0.82915619758885,11.712499999999975,0.7876983877094054,0.6874595005853501,0.02250789751518876
94,8,LMM-1,4,11.75,0.82915619758885,11.712499999999979,0.7876983877094063,0.6467557052657427,0.02416183744568666
94,8,LMM-2,4,11.75,0.82915619758885,11.712499999999979,0.7876983877094063,0.6467557052657427,0.02416183744568666
95,2,LMM-1,4,10.375,1.0825317547305484,10.406250000000007,1.0284051669940226,0.8200043598802056,0.019042242895625776
95,2,LMM-2,4,10.375,1.0825317547305484,10.406250000000007,1.0284051669940226,0.8200043598802056,0.019042242895625776
95,4,LMM-1,4,10.375,1.0825317547305484,10.40624999999999,1.0284051669940202,0.7852950123837278,0.017790344743334685
95,4,LMM-2,4,10.375,1.0825317547305484,10.40624999999999,1.0284051669940202,0.7852950123837278,0.017790344743334685
95,6,LMM-1,4,10.375,1.0825317547305484,10.406249999999977,1.0284051669940188,0.7519793274728593,0.017549090909143528
95,6,LMM-2,4,10.375,1.0825317547305484,10.406249999999977,1.0284051669940188,0.7519793274728593,0.017549090909143528
95,8,LMM-1,4,10.375,1.0825317547305484,10.406249999999982,1.0284051669940195,0.7200137759840922,0.01814419779007233
95,8,LMM-2,4,10.375,1.0825317547305484,10.406249999999982,1.0284051669940195,0.7200137759840922,0.01814419779007233
96,2,LMM-1,4,11.25,1.299038105676658,11.237500000000008,1.2340862003928272,0.7842555098179733,0.024629297081638753
96,2,LMM-2,4,11.25,1.299038105676658,11.237500000000008,1.2340862003928272,0.7842555098179733,0.024629297081638753
96,4,LMM-1,4,11.25,1.299038105676658,11.23749999999999,1.2340862003928241,0.7399971205351505,0.028810780340816727
96,4,LMM-2,4,11.25,1.299038105676658,11.23749999999999,1.2340862003928241,0.7399971205351505,0.028810780340816727
96,6,LMM-1,4,11.25,1.299038105676658,11.237499999999976,1.2340862003928226,0.6981456741870679,0.03248747943475207
96,6,LMM-2,4,11.25,1.299038105676658,11.237499999999976,1.2340862003928226,0.6981456741870679,0.03248747943475207
96,8,LMM-1,4,11.25,1.299038105676658,11.237499999999981,1.2340862003928235,0.6586029899435754,0.035702127504927086
96,8,LMM-2,4,11.25,1.299038105676658,11.237499999999981,1.2340862003928235,0.6586029899435754,0.035702127504927086
97,2,LMM-1,4,10.625,1.2930100540985752,10.643750000000006,1.2283595513936474,0.7928639619835922,0.03013693487637491
97,2,LMM-2,4,10.625,1.2930100540985752,10.643750000000006,1.2283595513936474,0.7928639619835922,0.03013693487637491
97,4,LMM-1,4,10.625,1.2930100540985752,10.64374999999999,1.2283595513936454,0.7521847506209717,0.031829356435733536
97,4,LMM-2,4,10.625,1.2930100540985752,10.64374999999999,1.2283595513936454,0.7521847506209717,0.031829356435733536
97,6,LMM-1,4,10.625,1.2930100540985752,10.643749999999978,1.2283595513936443,0.7134869802894906,0.03335492368531672
97,6,LMM-2,4,10.625,1.2930100540985752,10.643749999999978,1.2283595513936443,0.7134869802894906,0.03335492368531672
97,8,LMM-1,4,10.625,1.2930100540985752,10.643749999999981,1.2283595513936447,0.6767350653758215,0.034673750235119344
97,8,LMM-2,4,10.625,1.2930100540985752,10.643749999999981,1.2283595513936447,0.6767350653758215,0.034673750235119344
98,2,LMM-1,4,12.625,1.192424001771182,12.54375000000001,1.1328028016826246,0.7741262511161098,0.018200852320398312
98,2,LMM-2,4,12.625,1.192424001771182,12.54375000000001,1.1328028016826246,0.7741262511161098,0.018200852320398312
98,4,LMM-1,4,12.625,1.192424001771182,12.543749999999987,1.1328028016826213,0.7277594612542984,0.02069959097608456
98,4,LMM-2,4,12.625,1.192424001771182,12.543749999999987,1.1328028016826213,0.7277594612542984,0.02069959097608456
98,6,LMM-1,4,12.625,1.192424001771182,12.543749999999973,1.1328028016826193,0.6840769203617824,0.02311172172701969
98,6,LMM-2,4,12.625,1.192424001771182,12.543749999999973,1.1328028016826193,0.6840769203617824,0.02311172172701969
98,8,LMM-1,4,12.625,1.192424001771182,12.543749999999978,1.1328028016826213,0.6429739214192007,0.02534420386068314
98,8,LMM-2,4,12.625,1.192424001771182,12.543749999999978,1.1328028016826213,0.6429739214192007,0.02534420386068314
99,2,LMM-1,4,12.5,3.5,12.425000000000008,3.325000000000003,0.7506917234143825,0.06797467384470365
99,2,LMM-2,4,12.5,3.5,12.425000000000008,3.325000000000003,0.7506917234143825,0.06797467384470365
99,4,LMM-1,4,12.5,3.5,12.424999999999985,3.324999999999993,0.7038161818004717,0.07695831348084103
99,4,LMM-2,4,12.5,3.5,12.424999999999985,3.324999999999993,0.7038161818004717,0.07695831348084103
99,6,LMM-1,4,12.5,3.5,12.424999999999972,3.324999999999991,0.6599913283942086,0.08439822585015362
99,6,LMM-2,4,12.5,3.5,12.424999999999972,3.324999999999991,0.6599913283942086,0.08439822585015362
99,8,LMM-1,4,12.5,3.5,12.424999999999978,3.324999999999995,0.619268757152437,0.09048493374120774
99,8,LMM-2,4,12.5,3.5,12.424999999999978,3.324999999999995,0.619268757152437,0.09048493374120774
100,2,LMM-1,4,10.5,0.5,10.525000000000006,0.47500000000000053,0.7921329346445183,0.014723619941512339
100,2,LMM-2,4,10.25,0.82915619758885,10.287500000000007,0.7876983877094084,0.7996417745195373,0.024504624637215873
100,4,LMM-1,4,10.5,0.5,10.52499999999999,0.47499999999999964,0.7501396267440201,0.01634242713879331
100,4,LMM-2,4,10.25,0.82915619758885,10.28749999999999,0.7876983877094069,0.7604402238048661,0.030233519422564872
100,6,LMM-1,4,10.5,0.5,10.524999999999977,0.47499999999999964,0.7102493957485398,0.01775795635863244
100,6,LMM-2,4,10.25,0.82915619758885,10.287499999999978,0.7876983877094063,0.7231061511944923,0.035480389704286484
100,8,LMM-1,4,10.5,0.5,10.52499999999998,0.47499999999999964,0.6724437211281348,0.018957483546510716
100,8,LMM-2,4,10.25,0.82915619758885,10.287499999999982,0.7876983877094063,0.6876199196945575,0.04020141454929721
